time	V(vset)	(2.5-V(vout))/1k
0.000000000000000e+00	-1.999705e+00	-1.983690e-04
9.999999717180685e-10	-1.999705e+00	-1.983690e-04
1.999999943436137e-09	-1.999705e+00	-1.983690e-04
3.999999886872274e-09	-1.999705e+00	-1.983690e-04
7.999999773744548e-09	-1.999705e+00	-1.983690e-04
1.599999954748910e-08	-1.999705e+00	-1.983690e-04
3.199999909497819e-08	-1.999705e+00	-1.983690e-04
6.399999818995639e-08	-1.999705e+00	-1.983690e-04
1.279999963799128e-07	-1.999705e+00	-1.983690e-04
2.559999927598255e-07	-1.999704e+00	-1.983688e-04
5.119999855196511e-07	-1.999703e+00	-1.983671e-04
1.023999971039302e-06	-1.999701e+00	-1.983547e-04
2.047999942078604e-06	-1.999697e+00	-1.983147e-04
4.095999884157209e-06	-1.999689e+00	-1.982327e-04
8.191999768314417e-06	-1.999672e+00	-1.980698e-04
1.638399953662883e-05	-1.999640e+00	-1.977458e-04
3.276799907325767e-05	-1.999574e+00	-1.971059e-04
6.553599814651534e-05	-1.999443e+00	-1.958568e-04
1.310719962930307e-04	-1.999181e+00	-1.934776e-04
2.621439925860614e-04	-1.998657e+00	-1.891575e-04
5.242879851721227e-04	-1.997608e+00	-1.820145e-04
1.048575970344245e-03	-1.995511e+00	-1.721499e-04
1.049575970344245e-03	-1.995507e+00	-1.721361e-04
1.065575970344245e-03	-1.995443e+00	-1.719151e-04
1.097575970344245e-03	-1.995315e+00	-1.714833e-04
1.161575970344245e-03	-1.995059e+00	-1.706588e-04
1.289575970344245e-03	-1.994547e+00	-1.691558e-04
1.545575970344245e-03	-1.993523e+00	-1.666489e-04
2.057575970344245e-03	-1.991476e+00	-1.631176e-04
3.081575970344246e-03	-1.987380e+00	-1.594594e-04
5.129575970344245e-03	-1.979189e+00	-1.571047e-04
7.278013470344245e-03	-1.970596e+00	-1.562808e-04
9.426450970344245e-03	-1.962003e+00	-1.554289e-04
1.157488847034424e-02	-1.953410e+00	-1.545782e-04
1.372332597034424e-02	-1.944817e+00	-1.537275e-04
1.587176347034424e-02	-1.936224e+00	-1.528766e-04
1.802020097034424e-02	-1.927631e+00	-1.520259e-04
2.016863847034424e-02	-1.919038e+00	-1.511750e-04
2.231707597034424e-02	-1.910445e+00	-1.503243e-04
2.231807597034424e-02	-1.910441e+00	-1.503239e-04
2.233407597034424e-02	-1.910377e+00	-1.503177e-04
2.236607597034424e-02	-1.910249e+00	-1.503050e-04
2.243007597034424e-02	-1.909993e+00	-1.502795e-04
2.255807597034424e-02	-1.909481e+00	-1.502290e-04
2.281407597034424e-02	-1.908457e+00	-1.501276e-04
2.332607597034424e-02	-1.906410e+00	-1.499248e-04
2.435007597034424e-02	-1.902314e+00	-1.495192e-04
2.639807597034424e-02	-1.894123e+00	-1.487083e-04
2.854651347034424e-02	-1.885530e+00	-1.478577e-04
3.069495097034424e-02	-1.876937e+00	-1.470068e-04
3.284338847034424e-02	-1.868344e+00	-1.461561e-04
3.499182597034425e-02	-1.859751e+00	-1.453052e-04
3.714026347034425e-02	-1.851158e+00	-1.444545e-04
3.714126347034425e-02	-1.851154e+00	-1.444540e-04
3.715726347034425e-02	-1.851090e+00	-1.444478e-04
3.718926347034425e-02	-1.850962e+00	-1.444352e-04
3.725326347034425e-02	-1.850706e+00	-1.444097e-04
3.738126347034425e-02	-1.850194e+00	-1.443591e-04
3.763726347034425e-02	-1.849170e+00	-1.442578e-04
3.814926347034425e-02	-1.847122e+00	-1.440549e-04
3.917326347034425e-02	-1.843027e+00	-1.436493e-04
4.122126347034425e-02	-1.834835e+00	-1.428385e-04
4.336970097034425e-02	-1.826242e+00	-1.419876e-04
4.551813847034426e-02	-1.817649e+00	-1.411369e-04
4.766657597034426e-02	-1.809056e+00	-1.402862e-04
4.981501347034426e-02	-1.800463e+00	-1.394353e-04
5.196345097034426e-02	-1.791870e+00	-1.385846e-04
5.196445097034427e-02	-1.791867e+00	-1.385841e-04
5.198045097034427e-02	-1.791803e+00	-1.385779e-04
5.201245097034427e-02	-1.791674e+00	-1.385653e-04
5.207645097034427e-02	-1.791419e+00	-1.385398e-04
5.220445097034427e-02	-1.790907e+00	-1.384892e-04
5.246045097034427e-02	-1.789883e+00	-1.383877e-04
5.297245097034427e-02	-1.787835e+00	-1.381850e-04
5.399645097034426e-02	-1.783739e+00	-1.377795e-04
5.604445097034427e-02	-1.775548e+00	-1.369686e-04
5.819288847034427e-02	-1.766955e+00	-1.361177e-04
6.034132597034427e-02	-1.758362e+00	-1.352670e-04
6.248976347034427e-02	-1.749769e+00	-1.344163e-04
6.463820097034427e-02	-1.741176e+00	-1.335654e-04
6.678663847034427e-02	-1.732583e+00	-1.327147e-04
6.678763847034427e-02	-1.732579e+00	-1.327143e-04
6.680363847034428e-02	-1.732515e+00	-1.327081e-04
6.683563847034428e-02	-1.732387e+00	-1.326952e-04
6.689963847034427e-02	-1.732131e+00	-1.326699e-04
6.702763847034428e-02	-1.731619e+00	-1.326194e-04
6.728363847034428e-02	-1.730595e+00	-1.325178e-04
6.779563847034428e-02	-1.728548e+00	-1.323152e-04
6.881963847034428e-02	-1.724452e+00	-1.319096e-04
7.086763847034427e-02	-1.716261e+00	-1.310987e-04
7.301607597034428e-02	-1.707668e+00	-1.302478e-04
7.516451347034428e-02	-1.699075e+00	-1.293972e-04
7.731295097034428e-02	-1.690482e+00	-1.285462e-04
7.946138847034429e-02	-1.681889e+00	-1.276956e-04
8.160982597034429e-02	-1.673296e+00	-1.268449e-04
8.161082597034429e-02	-1.673292e+00	-1.268444e-04
8.162682597034429e-02	-1.673228e+00	-1.268380e-04
8.165882597034430e-02	-1.673100e+00	-1.268253e-04
8.172282597034429e-02	-1.672844e+00	-1.268001e-04
8.185082597034429e-02	-1.672332e+00	-1.267493e-04
8.210682597034430e-02	-1.671308e+00	-1.266479e-04
8.261882597034430e-02	-1.669260e+00	-1.264453e-04
8.364282597034430e-02	-1.665165e+00	-1.260397e-04
8.569082597034429e-02	-1.656973e+00	-1.252286e-04
8.783926347034429e-02	-1.648381e+00	-1.243780e-04
8.998770097034429e-02	-1.639788e+00	-1.235273e-04
9.213613847034430e-02	-1.631195e+00	-1.226764e-04
9.428457597034430e-02	-1.622602e+00	-1.218257e-04
9.643301347034430e-02	-1.614009e+00	-1.209750e-04
9.643401347034430e-02	-1.614005e+00	-1.209745e-04
9.645001347034431e-02	-1.613941e+00	-1.209681e-04
9.648201347034431e-02	-1.613813e+00	-1.209555e-04
9.654601347034431e-02	-1.613557e+00	-1.209302e-04
9.667401347034431e-02	-1.613045e+00	-1.208794e-04
9.693001347034431e-02	-1.612021e+00	-1.207781e-04
9.744201347034431e-02	-1.609973e+00	-1.205754e-04
9.846601347034431e-02	-1.605877e+00	-1.201699e-04
1.005140134703443e-01	-1.597686e+00	-1.193588e-04
1.026624509703443e-01	-1.589093e+00	-1.185081e-04
1.048108884703443e-01	-1.580500e+00	-1.176574e-04
1.069593259703443e-01	-1.571907e+00	-1.168065e-04
1.091077634703443e-01	-1.563314e+00	-1.159558e-04
1.112562009703443e-01	-1.554721e+00	-1.151052e-04
1.112572009703443e-01	-1.554717e+00	-1.151047e-04
1.112732009703443e-01	-1.554653e+00	-1.150982e-04
1.113052009703443e-01	-1.554525e+00	-1.150856e-04
1.113692009703443e-01	-1.554269e+00	-1.150603e-04
1.114972009703443e-01	-1.553757e+00	-1.150095e-04
1.117532009703443e-01	-1.552734e+00	-1.149082e-04
1.122652009703443e-01	-1.550686e+00	-1.147056e-04
1.132892009703443e-01	-1.546590e+00	-1.143000e-04
1.153372009703443e-01	-1.538399e+00	-1.134889e-04
1.174856384703443e-01	-1.529806e+00	-1.126382e-04
1.196340759703443e-01	-1.521213e+00	-1.117873e-04
1.217825134703443e-01	-1.512620e+00	-1.109366e-04
1.239309509703443e-01	-1.504027e+00	-1.100860e-04
1.260793884703443e-01	-1.495434e+00	-1.092350e-04
1.260803884703443e-01	-1.495430e+00	-1.092348e-04
1.260963884703443e-01	-1.495366e+00	-1.092284e-04
1.261283884703443e-01	-1.495238e+00	-1.092157e-04
1.261923884703443e-01	-1.494982e+00	-1.091905e-04
1.263203884703443e-01	-1.494470e+00	-1.091397e-04
1.265763884703443e-01	-1.493446e+00	-1.090384e-04
1.270883884703443e-01	-1.491398e+00	-1.088355e-04
1.281123884703443e-01	-1.487303e+00	-1.084301e-04
1.301603884703443e-01	-1.479112e+00	-1.076190e-04
1.323088259703443e-01	-1.470519e+00	-1.067684e-04
1.344572634703443e-01	-1.461926e+00	-1.059175e-04
1.366057009703443e-01	-1.453333e+00	-1.050668e-04
1.387541384703443e-01	-1.444740e+00	-1.042161e-04
1.409025759703443e-01	-1.436147e+00	-1.033652e-04
1.409035759703443e-01	-1.436143e+00	-1.033649e-04
1.409195759703443e-01	-1.436079e+00	-1.033585e-04
1.409515759703443e-01	-1.435951e+00	-1.033459e-04
1.410155759703443e-01	-1.435695e+00	-1.033206e-04
1.411435759703443e-01	-1.435183e+00	-1.032698e-04
1.413995759703443e-01	-1.434159e+00	-1.031685e-04
1.419115759703443e-01	-1.432111e+00	-1.029656e-04
1.429355759703443e-01	-1.428016e+00	-1.025603e-04
1.449835759703443e-01	-1.419824e+00	-1.017492e-04
1.471320134703443e-01	-1.411231e+00	-1.008985e-04
1.492804509703443e-01	-1.402638e+00	-1.000476e-04
1.514288884703442e-01	-1.394045e+00	-9.919691e-05
1.535773259703442e-01	-1.385453e+00	-9.834623e-05
1.557257634703442e-01	-1.376860e+00	-9.749532e-05
1.557267634703442e-01	-1.376855e+00	-9.749484e-05
1.557427634703442e-01	-1.376791e+00	-9.748864e-05
1.557747634703442e-01	-1.376664e+00	-9.747601e-05
1.558387634703442e-01	-1.376408e+00	-9.745073e-05
1.559667634703442e-01	-1.375896e+00	-9.739995e-05
1.562227634703442e-01	-1.374872e+00	-9.729862e-05
1.567347634703442e-01	-1.372824e+00	-9.709573e-05
1.577587634703442e-01	-1.368728e+00	-9.669042e-05
1.598067634703442e-01	-1.360537e+00	-9.587932e-05
1.619552009703442e-01	-1.351944e+00	-9.502864e-05
1.641036384703442e-01	-1.343351e+00	-9.417772e-05
1.662520759703442e-01	-1.334758e+00	-9.332705e-05
1.684005134703442e-01	-1.326165e+00	-9.247613e-05
1.705489509703442e-01	-1.317572e+00	-9.162545e-05
1.705499509703442e-01	-1.317568e+00	-9.162498e-05
1.705659509703442e-01	-1.317504e+00	-9.161878e-05
1.705979509703442e-01	-1.317376e+00	-9.160614e-05
1.706619509703442e-01	-1.317120e+00	-9.158063e-05
1.707899509703442e-01	-1.316608e+00	-9.153008e-05
1.710459509703442e-01	-1.315584e+00	-9.142876e-05
1.715579509703442e-01	-1.313537e+00	-9.122586e-05
1.725819509703442e-01	-1.309441e+00	-9.082055e-05
1.746299509703442e-01	-1.301250e+00	-9.000945e-05
1.767783884703442e-01	-1.292657e+00	-8.915877e-05
1.789268259703441e-01	-1.284064e+00	-8.830786e-05
1.810752634703441e-01	-1.275471e+00	-8.745718e-05
1.832237009703441e-01	-1.266878e+00	-8.660626e-05
1.853721384703441e-01	-1.258285e+00	-8.575559e-05
1.853731384703441e-01	-1.258281e+00	-8.575511e-05
1.853891384703441e-01	-1.258217e+00	-8.574891e-05
1.854211384703441e-01	-1.258089e+00	-8.573627e-05
1.854851384703441e-01	-1.257833e+00	-8.571076e-05
1.856131384703441e-01	-1.257321e+00	-8.566022e-05
1.858691384703441e-01	-1.256297e+00	-8.555889e-05
1.863811384703441e-01	-1.254249e+00	-8.535600e-05
1.874051384703441e-01	-1.250154e+00	-8.495045e-05
1.894531384703441e-01	-1.241962e+00	-8.413959e-05
1.916015759703441e-01	-1.233369e+00	-8.328867e-05
1.937500134703441e-01	-1.224777e+00	-8.243799e-05
1.958984509703441e-01	-1.216184e+00	-8.158731e-05
1.980468884703441e-01	-1.207591e+00	-8.073640e-05
2.001953259703441e-01	-1.198998e+00	-7.988572e-05
2.001963259703441e-01	-1.198994e+00	-7.988524e-05
2.002123259703441e-01	-1.198930e+00	-7.987905e-05
2.002443259703441e-01	-1.198802e+00	-7.986617e-05
2.003083259703441e-01	-1.198546e+00	-7.984090e-05
2.004363259703441e-01	-1.198034e+00	-7.979035e-05
2.006923259703441e-01	-1.197010e+00	-7.968879e-05
2.012043259703441e-01	-1.194962e+00	-7.948613e-05
2.022283259703441e-01	-1.190866e+00	-7.908058e-05
2.042763259703441e-01	-1.182675e+00	-7.826972e-05
2.064247634703441e-01	-1.174082e+00	-7.741880e-05
2.085732009703440e-01	-1.165489e+00	-7.656813e-05
2.107216384703440e-01	-1.156896e+00	-7.571745e-05
2.128700759703440e-01	-1.148303e+00	-7.486653e-05
2.150185134703440e-01	-1.139710e+00	-7.401586e-05
2.150195134703440e-01	-1.139706e+00	-7.401538e-05
2.150355134703440e-01	-1.139642e+00	-7.400918e-05
2.150675134703440e-01	-1.139514e+00	-7.399631e-05
2.151315134703440e-01	-1.139258e+00	-7.397103e-05
2.152595134703440e-01	-1.138746e+00	-7.392025e-05
2.155155134703440e-01	-1.137722e+00	-7.381892e-05
2.160275134703440e-01	-1.135675e+00	-7.361627e-05
2.170515134703440e-01	-1.131579e+00	-7.321072e-05
2.190995134703440e-01	-1.123388e+00	-7.239985e-05
2.212479509703440e-01	-1.114795e+00	-7.154894e-05
2.233963884703440e-01	-1.106202e+00	-7.069826e-05
2.255448259703440e-01	-1.097609e+00	-6.984758e-05
2.276932634703440e-01	-1.089016e+00	-6.899667e-05
2.298417009703440e-01	-1.080423e+00	-6.814599e-05
2.298427009703440e-01	-1.080419e+00	-6.814551e-05
2.298587009703439e-01	-1.080355e+00	-6.813931e-05
2.298907009703439e-01	-1.080227e+00	-6.812644e-05
2.299547009703440e-01	-1.079971e+00	-6.810117e-05
2.300827009703439e-01	-1.079459e+00	-6.805038e-05
2.303387009703440e-01	-1.078435e+00	-6.794906e-05
2.308507009703440e-01	-1.076387e+00	-6.774640e-05
2.318747009703440e-01	-1.072292e+00	-6.734085e-05
2.339227009703440e-01	-1.064101e+00	-6.652975e-05
2.360711384703439e-01	-1.055508e+00	-6.567907e-05
2.382195759703439e-01	-1.046915e+00	-6.482840e-05
2.403680134703439e-01	-1.038322e+00	-6.397748e-05
2.425164509703439e-01	-1.029729e+00	-6.312680e-05
2.446648884703439e-01	-1.021136e+00	-6.227612e-05
2.446658884703439e-01	-1.021132e+00	-6.227565e-05
2.446818884703439e-01	-1.021068e+00	-6.226921e-05
2.447138884703439e-01	-1.020940e+00	-6.225657e-05
2.447778884703439e-01	-1.020684e+00	-6.223130e-05
2.449058884703439e-01	-1.020172e+00	-6.218052e-05
2.451618884703439e-01	-1.019148e+00	-6.207919e-05
2.456738884703439e-01	-1.017100e+00	-6.187654e-05
2.466978884703439e-01	-1.013005e+00	-6.147099e-05
2.487458884703439e-01	-1.004813e+00	-6.065989e-05
2.508943259703439e-01	-9.962203e-01	-5.980921e-05
2.530427634703439e-01	-9.876274e-01	-5.895853e-05
2.551912009703439e-01	-9.790344e-01	-5.810761e-05
2.573396384703439e-01	-9.704415e-01	-5.725694e-05
2.594880759703438e-01	-9.618485e-01	-5.640626e-05
2.594890759703438e-01	-9.618445e-01	-5.640578e-05
2.595050759703438e-01	-9.617805e-01	-5.639935e-05
2.595370759703438e-01	-9.616525e-01	-5.638671e-05
2.596010759703438e-01	-9.613965e-01	-5.636144e-05
2.597290759703438e-01	-9.608846e-01	-5.631065e-05
2.599850759703438e-01	-9.598607e-01	-5.620933e-05
2.604970759703438e-01	-9.578128e-01	-5.600667e-05
2.615210759703439e-01	-9.537172e-01	-5.560112e-05
2.635690759703438e-01	-9.455260e-01	-5.479002e-05
2.657175134703438e-01	-9.369330e-01	-5.393934e-05
2.678659509703438e-01	-9.283401e-01	-5.308867e-05
2.700143884703438e-01	-9.197471e-01	-5.223775e-05
2.721628259703438e-01	-9.111542e-01	-5.138707e-05
2.743112634703438e-01	-9.025612e-01	-5.053616e-05
2.743122634703438e-01	-9.025572e-01	-5.053592e-05
2.743282634703438e-01	-9.024932e-01	-5.052948e-05
2.743602634703438e-01	-9.023652e-01	-5.051684e-05
2.744242634703438e-01	-9.021093e-01	-5.049157e-05
2.745522634703438e-01	-9.015973e-01	-5.044079e-05
2.748082634703438e-01	-9.005734e-01	-5.033946e-05
2.753202634703438e-01	-8.985256e-01	-5.013680e-05
2.763442634703438e-01	-8.944299e-01	-4.973125e-05
2.783922634703438e-01	-8.862387e-01	-4.892015e-05
2.805407009703438e-01	-8.776457e-01	-4.806948e-05
2.826891384703438e-01	-8.690528e-01	-4.721856e-05
2.848375759703438e-01	-8.604598e-01	-4.636788e-05
2.869860134703437e-01	-8.518669e-01	-4.551721e-05
2.891344509703437e-01	-8.432739e-01	-4.466629e-05
2.891354509703437e-01	-8.432699e-01	-4.466605e-05
2.891514509703437e-01	-8.432059e-01	-4.465961e-05
2.891834509703437e-01	-8.430780e-01	-4.464698e-05
2.892474509703437e-01	-8.428220e-01	-4.462171e-05
2.893754509703437e-01	-8.423100e-01	-4.457092e-05
2.896314509703437e-01	-8.412861e-01	-4.446959e-05
2.901434509703437e-01	-8.392383e-01	-4.426670e-05
2.911674509703437e-01	-8.351427e-01	-4.386139e-05
2.932154509703437e-01	-8.269514e-01	-4.305029e-05
2.953638884703437e-01	-8.183585e-01	-4.219961e-05
2.975123259703437e-01	-8.097655e-01	-4.134870e-05
2.996607634703437e-01	-8.011726e-01	-4.049802e-05
3.018092009703437e-01	-7.925796e-01	-3.964734e-05
3.039576384703437e-01	-7.839866e-01	-3.879642e-05
3.039586384703437e-01	-7.839826e-01	-3.879619e-05
3.039746384703437e-01	-7.839186e-01	-3.878975e-05
3.040066384703436e-01	-7.837906e-01	-3.877711e-05
3.040706384703437e-01	-7.835346e-01	-3.875184e-05
3.041986384703437e-01	-7.830227e-01	-3.870106e-05
3.044546384703437e-01	-7.819988e-01	-3.859973e-05
3.049666384703437e-01	-7.799510e-01	-3.839684e-05
3.059906384703437e-01	-7.758554e-01	-3.799152e-05
3.080386384703437e-01	-7.676641e-01	-3.718042e-05
3.101870759703437e-01	-7.590712e-01	-3.632975e-05
3.123355134703437e-01	-7.504782e-01	-3.547883e-05
3.144839509703437e-01	-7.418852e-01	-3.462815e-05
3.166323884703436e-01	-7.332923e-01	-3.377748e-05
3.187808259703436e-01	-7.246993e-01	-3.292656e-05
3.187818259703436e-01	-7.246953e-01	-3.292608e-05
3.187978259703436e-01	-7.246314e-01	-3.291988e-05
3.188298259703436e-01	-7.245033e-01	-3.290725e-05
3.188938259703436e-01	-7.242474e-01	-3.288174e-05
3.190218259703436e-01	-7.237355e-01	-3.283119e-05
3.192778259703436e-01	-7.227115e-01	-3.272986e-05
3.197898259703436e-01	-7.206637e-01	-3.252697e-05
3.208138259703436e-01	-7.165681e-01	-3.212142e-05
3.228618259703436e-01	-7.083768e-01	-3.131056e-05
3.250102634703436e-01	-6.997839e-01	-3.045988e-05
3.271587009703436e-01	-6.911910e-01	-2.960896e-05
3.293071384703436e-01	-6.825980e-01	-2.875829e-05
3.314555759703436e-01	-6.740050e-01	-2.790737e-05
3.336040134703436e-01	-6.654121e-01	-2.705669e-05
3.336050134703435e-01	-6.654081e-01	-2.705622e-05
3.336210134703436e-01	-6.653441e-01	-2.705002e-05
3.336530134703435e-01	-6.652161e-01	-2.703738e-05
3.337170134703435e-01	-6.649601e-01	-2.701187e-05
3.338450134703436e-01	-6.644481e-01	-2.696133e-05
3.341010134703435e-01	-6.634243e-01	-2.686000e-05
3.346130134703436e-01	-6.613764e-01	-2.665710e-05
3.356370134703436e-01	-6.572808e-01	-2.625155e-05
3.376850134703436e-01	-6.490896e-01	-2.544069e-05
3.398334509703436e-01	-6.404966e-01	-2.458978e-05
3.419818884703436e-01	-6.319036e-01	-2.373910e-05
3.441303259703435e-01	-6.233107e-01	-2.288842e-05
3.462787634703435e-01	-6.147177e-01	-2.203751e-05
3.484272009703435e-01	-6.061248e-01	-2.118683e-05
3.484282009703435e-01	-6.061208e-01	-2.118635e-05
3.484442009703435e-01	-6.060568e-01	-2.118015e-05
3.484762009703435e-01	-6.059288e-01	-2.116752e-05
3.485402009703435e-01	-6.056728e-01	-2.114201e-05
3.486682009703435e-01	-6.051609e-01	-2.109146e-05
3.489242009703435e-01	-6.041369e-01	-2.098989e-05
3.494362009703435e-01	-6.020892e-01	-2.078724e-05
3.504602009703435e-01	-5.979936e-01	-2.038169e-05
3.525082009703435e-01	-5.898023e-01	-1.957083e-05
3.546566384703435e-01	-5.812093e-01	-1.871991e-05
3.568050759703435e-01	-5.726163e-01	-1.786923e-05
3.589535134703435e-01	-5.640234e-01	-1.701856e-05
3.611019509703435e-01	-5.554305e-01	-1.616764e-05
3.632503884703435e-01	-5.468375e-01	-1.531696e-05
3.632513884703434e-01	-5.468335e-01	-1.531649e-05
3.632673884703435e-01	-5.467695e-01	-1.531029e-05
3.632993884703434e-01	-5.466415e-01	-1.529741e-05
3.633633884703434e-01	-5.463855e-01	-1.527214e-05
3.634913884703435e-01	-5.458736e-01	-1.522160e-05
3.637473884703434e-01	-5.448497e-01	-1.512003e-05
3.642593884703434e-01	-5.428019e-01	-1.491737e-05
3.652833884703435e-01	-5.387062e-01	-1.451182e-05
3.673313884703435e-01	-5.305150e-01	-1.370096e-05
3.694798259703435e-01	-5.219221e-01	-1.285005e-05
3.716282634703434e-01	-5.133291e-01	-1.199937e-05
3.737767009703434e-01	-5.047361e-01	-1.114845e-05
3.759251384703434e-01	-4.961432e-01	-1.029778e-05
3.780735759703434e-01	-4.875502e-01	-9.447098e-06
3.780745759703434e-01	-4.875462e-01	-9.446621e-06
3.780905759703434e-01	-4.874822e-01	-9.440184e-06
3.781225759703434e-01	-4.873542e-01	-9.427547e-06
3.781865759703434e-01	-4.870982e-01	-9.402275e-06
3.783145759703434e-01	-4.865863e-01	-9.351492e-06
3.785705759703434e-01	-4.855624e-01	-9.250164e-06
3.790825759703434e-01	-4.835146e-01	-9.047508e-06
3.801065759703434e-01	-4.794190e-01	-8.641958e-06
3.821545759703434e-01	-4.712277e-01	-7.831097e-06
3.843030134703434e-01	-4.626347e-01	-6.980181e-06
3.864514509703434e-01	-4.540418e-01	-6.129503e-06
3.885998884703434e-01	-4.454488e-01	-5.278587e-06
3.907483259703434e-01	-4.368559e-01	-4.427910e-06
3.928967634703434e-01	-4.282629e-01	-3.577232e-06
3.928977634703433e-01	-4.282589e-01	-3.576756e-06
3.929137634703433e-01	-4.281949e-01	-3.570318e-06
3.929457634703433e-01	-4.280669e-01	-3.557682e-06
3.930097634703433e-01	-4.278110e-01	-3.532410e-06
3.931377634703433e-01	-4.272990e-01	-3.481627e-06
3.933937634703433e-01	-4.262751e-01	-3.380299e-06
3.939057634703433e-01	-4.242273e-01	-3.177643e-06
3.949297634703434e-01	-4.201317e-01	-2.772093e-06
3.969777634703434e-01	-4.119404e-01	-1.960993e-06
3.991262009703433e-01	-4.033475e-01	-1.110315e-06
4.012746384703433e-01	-3.947545e-01	-2.596378e-07
4.034230759703433e-01	-3.861616e-01	5.912781e-07
4.055715134703433e-01	-3.775686e-01	1.441956e-06
4.077199509703433e-01	-3.689756e-01	2.292633e-06
4.077209509703433e-01	-3.689716e-01	2.293110e-06
4.077369509703433e-01	-3.689077e-01	2.299547e-06
4.077689509703433e-01	-3.687797e-01	2.312183e-06
4.078329509703433e-01	-3.685237e-01	2.337456e-06
4.079609509703433e-01	-3.680117e-01	2.388239e-06
4.082169509703433e-01	-3.669878e-01	2.489567e-06
4.087289509703433e-01	-3.649400e-01	2.692223e-06
4.097529509703433e-01	-3.608444e-01	3.097773e-06
4.118009509703433e-01	-3.526531e-01	3.908873e-06
4.139493884703433e-01	-3.440602e-01	4.759550e-06
4.160978259703433e-01	-3.354672e-01	5.610228e-06
4.182462634703433e-01	-3.268743e-01	6.461143e-06
4.203947009703433e-01	-3.182813e-01	7.311821e-06
4.225431384703432e-01	-3.096884e-01	8.162737e-06
4.225441384703432e-01	-3.096844e-01	8.162975e-06
4.225601384703432e-01	-3.096204e-01	8.169413e-06
4.225921384703432e-01	-3.094924e-01	8.182049e-06
4.226561384703432e-01	-3.092364e-01	8.207321e-06
4.227841384703432e-01	-3.087245e-01	8.258104e-06
4.230401384703432e-01	-3.077005e-01	8.359432e-06
4.235521384703432e-01	-3.056527e-01	8.562088e-06
4.245761384703433e-01	-3.015571e-01	8.967638e-06
4.266241384703433e-01	-2.933659e-01	9.778738e-06
4.287725759703432e-01	-2.847729e-01	1.062942e-05
4.309210134703432e-01	-2.761799e-01	1.148009e-05
4.330694509703432e-01	-2.675870e-01	1.233101e-05
4.352178884703432e-01	-2.589940e-01	1.318169e-05
4.373663259703432e-01	-2.504011e-01	1.403260e-05
4.373673259703432e-01	-2.503971e-01	1.403284e-05
4.373833259703432e-01	-2.503331e-01	1.403928e-05
4.374153259703432e-01	-2.502051e-01	1.405191e-05
4.374793259703432e-01	-2.499491e-01	1.407719e-05
4.376073259703432e-01	-2.494372e-01	1.412797e-05
4.378633259703432e-01	-2.484133e-01	1.422930e-05
4.383753259703432e-01	-2.463655e-01	1.443195e-05
4.393993259703432e-01	-2.422698e-01	1.483750e-05
4.414473259703432e-01	-2.340786e-01	1.564860e-05
4.435957634703432e-01	-2.254856e-01	1.649928e-05
4.457442009703432e-01	-2.168927e-01	1.735020e-05
4.478926384703432e-01	-2.082997e-01	1.820087e-05
4.500410759703432e-01	-1.997067e-01	1.905155e-05
4.521895134703431e-01	-1.911138e-01	1.990247e-05
4.521905134703431e-01	-1.911098e-01	1.990271e-05
4.522065134703431e-01	-1.910458e-01	1.990914e-05
4.522385134703431e-01	-1.909178e-01	1.992178e-05
4.523025134703431e-01	-1.906618e-01	1.994705e-05
4.524305134703431e-01	-1.901499e-01	1.999784e-05
4.526865134703431e-01	-1.891260e-01	2.009916e-05
4.531985134703431e-01	-1.870782e-01	2.030206e-05
4.542225134703431e-01	-1.829825e-01	2.070737e-05
4.562705134703431e-01	-1.747913e-01	2.151847e-05
4.584189509703431e-01	-1.661983e-01	2.236915e-05
4.605673884703431e-01	-1.576054e-01	2.322006e-05
4.627158259703431e-01	-1.490124e-01	2.407074e-05
4.648642634703431e-01	-1.404195e-01	2.492142e-05
4.670127009703431e-01	-1.318265e-01	2.577233e-05
4.670137009703431e-01	-1.318225e-01	2.577257e-05
4.670297009703431e-01	-1.317585e-01	2.577901e-05
4.670617009703431e-01	-1.316305e-01	2.579165e-05
4.671257009703431e-01	-1.313746e-01	2.581716e-05
4.672537009703431e-01	-1.308626e-01	2.586770e-05
4.675097009703431e-01	-1.298387e-01	2.596903e-05
4.680217009703431e-01	-1.277909e-01	2.617192e-05
4.690457009703431e-01	-1.236953e-01	2.657723e-05
4.710937009703431e-01	-1.155040e-01	2.738833e-05
4.732421384703431e-01	-1.069111e-01	2.823901e-05
4.753905759703431e-01	-9.831811e-02	2.908993e-05
4.775390134703431e-01	-8.972515e-02	2.994061e-05
4.796874509703430e-01	-8.113219e-02	3.079152e-05
4.818358884703430e-01	-7.253923e-02	3.164220e-05
4.818368884703430e-01	-7.253523e-02	3.164268e-05
4.818528884703430e-01	-7.247124e-02	3.164887e-05
4.818848884703430e-01	-7.234325e-02	3.166151e-05
4.819488884703430e-01	-7.208727e-02	3.168702e-05
4.820768884703430e-01	-7.157532e-02	3.173757e-05
4.823328884703430e-01	-7.055142e-02	3.183889e-05
4.828448884703430e-01	-6.850360e-02	3.204179e-05
4.838688884703430e-01	-6.440798e-02	3.244734e-05
4.859168884703430e-01	-5.621674e-02	3.325820e-05
4.880653259703430e-01	-4.762378e-02	3.410912e-05
4.902137634703430e-01	-3.903082e-02	3.495979e-05
4.923622009703430e-01	-3.043787e-02	3.581047e-05
4.945106384703430e-01	-2.184491e-02	3.666139e-05
4.966590759703430e-01	-1.325195e-02	3.751206e-05
4.966600759703430e-01	-1.324795e-02	3.751254e-05
4.966760759703430e-01	-1.318396e-02	3.751874e-05
4.967080759703429e-01	-1.305597e-02	3.753138e-05
4.967720759703430e-01	-1.279999e-02	3.755689e-05
4.969000759703430e-01	-1.228804e-02	3.760743e-05
4.971560759703429e-01	-1.126414e-02	3.770900e-05
4.976680759703430e-01	-9.216324e-03	3.791165e-05
4.986920759703430e-01	-5.120702e-03	3.831720e-05
5.007400759703430e-01	3.070542e-03	3.912807e-05
5.028885134703430e-01	1.166350e-02	3.997898e-05
5.050369509703431e-01	2.025646e-02	4.082966e-05
5.071853884703431e-01	2.884941e-02	4.168034e-05
5.093338259703432e-01	3.744237e-02	4.253125e-05
5.114822634703432e-01	4.603533e-02	4.338193e-05
5.114832634703432e-01	4.603933e-02	4.338241e-05
5.114992634703432e-01	4.610332e-02	4.338861e-05
5.115312634703433e-01	4.623131e-02	4.340148e-05
5.115952634703432e-01	4.648729e-02	4.342675e-05
5.117232634703432e-01	4.699924e-02	4.347730e-05
5.119792634703433e-01	4.802315e-02	4.357886e-05
5.124912634703432e-01	5.007096e-02	4.378152e-05
5.135152634703433e-01	5.416658e-02	4.418707e-05
5.155632634703433e-01	6.235782e-02	4.499793e-05
5.177117009703434e-01	7.095078e-02	4.584885e-05
5.198601384703434e-01	7.954374e-02	4.669952e-05
5.220085759703434e-01	8.813670e-02	4.755020e-05
5.241570134703435e-01	9.672965e-02	4.840112e-05
5.263054509703435e-01	1.053226e-01	4.925179e-05
5.263064509703436e-01	1.053266e-01	4.925227e-05
5.263224509703436e-01	1.053906e-01	4.925847e-05
5.263544509703436e-01	1.055186e-01	4.927135e-05
5.264184509703436e-01	1.057746e-01	4.929662e-05
5.265464509703436e-01	1.062865e-01	4.934740e-05
5.268024509703436e-01	1.073104e-01	4.944873e-05
5.273144509703436e-01	1.093582e-01	4.965138e-05
5.283384509703436e-01	1.134539e-01	5.005693e-05
5.303864509703436e-01	1.216451e-01	5.086780e-05
5.325348884703437e-01	1.302381e-01	5.171871e-05
5.346833259703437e-01	1.388310e-01	5.256939e-05
5.368317634703438e-01	1.474240e-01	5.342031e-05
5.389802009703438e-01	1.560169e-01	5.427098e-05
5.411286384703439e-01	1.646099e-01	5.512166e-05
5.411296384703439e-01	1.646139e-01	5.512214e-05
5.411456384703439e-01	1.646779e-01	5.512857e-05
5.411776384703439e-01	1.648059e-01	5.514121e-05
5.412416384703439e-01	1.650618e-01	5.516648e-05
5.413696384703439e-01	1.655738e-01	5.521727e-05
5.416256384703440e-01	1.665977e-01	5.531859e-05
5.421376384703439e-01	1.686455e-01	5.552125e-05
5.431616384703439e-01	1.727411e-01	5.592680e-05
5.452096384703440e-01	1.809324e-01	5.673790e-05
5.473580759703440e-01	1.895253e-01	5.758858e-05
5.495065134703441e-01	1.981183e-01	5.843925e-05
5.516549509703441e-01	2.067113e-01	5.929017e-05
5.538033884703442e-01	2.153042e-01	6.014085e-05
5.559518259703442e-01	2.238972e-01	6.099153e-05
5.559528259703442e-01	2.239012e-01	6.099200e-05
5.559688259703442e-01	2.239652e-01	6.099844e-05
5.560008259703443e-01	2.240932e-01	6.101108e-05
5.560648259703442e-01	2.243491e-01	6.103635e-05
5.561928259703443e-01	2.248611e-01	6.108713e-05
5.564488259703443e-01	2.258850e-01	6.118846e-05
5.569608259703442e-01	2.279328e-01	6.139112e-05
5.579848259703443e-01	2.320284e-01	6.179667e-05
5.600328259703443e-01	2.402197e-01	6.260777e-05
5.621812634703444e-01	2.488126e-01	6.345844e-05
5.643297009703444e-01	2.574056e-01	6.430912e-05
5.664781384703445e-01	2.659985e-01	6.516004e-05
5.686265759703445e-01	2.745915e-01	6.601071e-05
5.707750134703445e-01	2.831844e-01	6.686139e-05
5.707760134703446e-01	2.831885e-01	6.686187e-05
5.707920134703446e-01	2.832524e-01	6.686831e-05
5.708240134703446e-01	2.833804e-01	6.688094e-05
5.708880134703446e-01	2.836364e-01	6.690621e-05
5.710160134703446e-01	2.841484e-01	6.695700e-05
5.712720134703446e-01	2.851723e-01	6.705832e-05
5.717840134703446e-01	2.872201e-01	6.726098e-05
5.728080134703446e-01	2.913157e-01	6.766653e-05
5.748560134703447e-01	2.995069e-01	6.847763e-05
5.770044509703447e-01	3.080999e-01	6.932831e-05
5.791528884703447e-01	3.166929e-01	7.017899e-05
5.813013259703448e-01	3.252858e-01	7.102990e-05
5.834497634703448e-01	3.338788e-01	7.188058e-05
5.855982009703449e-01	3.424717e-01	7.273149e-05
5.855992009703449e-01	3.424757e-01	7.273173e-05
5.856152009703449e-01	3.425397e-01	7.273817e-05
5.856472009703449e-01	3.426677e-01	7.275081e-05
5.857112009703449e-01	3.429237e-01	7.277608e-05
5.858392009703449e-01	3.434356e-01	7.282686e-05
5.860952009703450e-01	3.444595e-01	7.292819e-05
5.866072009703449e-01	3.465074e-01	7.313085e-05
5.876312009703449e-01	3.506030e-01	7.353640e-05
5.896792009703450e-01	3.587942e-01	7.434750e-05
5.918276384703450e-01	3.673872e-01	7.519817e-05
5.939760759703451e-01	3.759801e-01	7.604909e-05
5.961245134703451e-01	3.845731e-01	7.689977e-05
5.982729509703452e-01	3.931661e-01	7.775044e-05
6.004213884703452e-01	4.017590e-01	7.860136e-05
6.004223884703452e-01	4.017630e-01	7.860160e-05
6.004383884703453e-01	4.018270e-01	7.860804e-05
6.004703884703453e-01	4.019550e-01	7.862067e-05
6.005343884703452e-01	4.022110e-01	7.864594e-05
6.006623884703453e-01	4.027229e-01	7.869673e-05
6.009183884703453e-01	4.037468e-01	7.879806e-05
6.014303884703452e-01	4.057947e-01	7.900095e-05
6.024543884703453e-01	4.098903e-01	7.940626e-05
6.045023884703453e-01	4.180815e-01	8.021736e-05
6.066508259703454e-01	4.266745e-01	8.106804e-05
6.087992634703454e-01	4.352674e-01	8.191895e-05
6.109477009703455e-01	4.438604e-01	8.276963e-05
6.130961384703455e-01	4.524533e-01	8.362031e-05
6.152445759703455e-01	4.610463e-01	8.447123e-05
6.152455759703456e-01	4.610503e-01	8.447146e-05
6.152615759703456e-01	4.611143e-01	8.447790e-05
6.152935759703456e-01	4.612423e-01	8.449054e-05
6.153575759703456e-01	4.614982e-01	8.451581e-05
6.154855759703456e-01	4.620102e-01	8.456659e-05
6.157415759703456e-01	4.630341e-01	8.466792e-05
6.162535759703456e-01	4.650819e-01	8.487082e-05
6.172775759703456e-01	4.691775e-01	8.527613e-05
6.193255759703457e-01	4.773688e-01	8.608723e-05
6.214740134703457e-01	4.859617e-01	8.693790e-05
6.236224509703457e-01	4.945547e-01	8.778882e-05
6.257708884703458e-01	5.031477e-01	8.863950e-05
6.279193259703458e-01	5.117406e-01	8.949041e-05
6.300677634703459e-01	5.203336e-01	9.034109e-05
6.300687634703459e-01	5.203376e-01	9.034157e-05
6.300847634703459e-01	5.204015e-01	9.034777e-05
6.301167634703460e-01	5.205296e-01	9.036040e-05
6.301807634703459e-01	5.207855e-01	9.038591e-05
6.303087634703459e-01	5.212975e-01	9.043646e-05
6.305647634703460e-01	5.223214e-01	9.053779e-05
6.310767634703459e-01	5.243692e-01	9.074068e-05
6.321007634703459e-01	5.284648e-01	9.114623e-05
6.341487634703460e-01	5.366561e-01	9.195709e-05
6.362972009703460e-01	5.452490e-01	9.280777e-05
6.384456384703461e-01	5.538419e-01	9.365869e-05
6.405940759703461e-01	5.624349e-01	9.450936e-05
6.427425134703462e-01	5.710279e-01	9.536028e-05
6.448909509703462e-01	5.796208e-01	9.621096e-05
6.448919509703462e-01	5.796248e-01	9.621143e-05
6.449079509703463e-01	5.796888e-01	9.621763e-05
6.449399509703463e-01	5.798168e-01	9.623027e-05
6.450039509703462e-01	5.800728e-01	9.625578e-05
6.451319509703463e-01	5.805848e-01	9.630632e-05
6.453879509703463e-01	5.816087e-01	9.640765e-05
6.458999509703462e-01	5.836565e-01	9.661055e-05
6.469239509703463e-01	5.877521e-01	9.701610e-05
6.489719509703463e-01	5.959433e-01	9.782696e-05
6.511203884703464e-01	6.045363e-01	9.867787e-05
6.532688259703464e-01	6.131293e-01	9.952855e-05
6.554172634703465e-01	6.217222e-01	1.003792e-04
6.575657009703465e-01	6.303152e-01	1.012301e-04
6.597141384703465e-01	6.389081e-01	1.020808e-04
6.597151384703466e-01	6.389121e-01	1.020813e-04
6.597311384703466e-01	6.389761e-01	1.020875e-04
6.597631384703466e-01	6.391041e-01	1.021001e-04
6.598271384703466e-01	6.393601e-01	1.021256e-04
6.599551384703466e-01	6.398720e-01	1.021762e-04
6.602111384703466e-01	6.408960e-01	1.022778e-04
6.607231384703466e-01	6.429437e-01	1.024804e-04
6.617471384703466e-01	6.470394e-01	1.028860e-04
6.637951384703467e-01	6.552306e-01	1.036968e-04
6.659435759703467e-01	6.638235e-01	1.045477e-04
6.680920134703467e-01	6.724165e-01	1.053984e-04
6.702404509703468e-01	6.810095e-01	1.062491e-04
6.723888884703468e-01	6.896024e-01	1.071000e-04
6.745373259703469e-01	6.981954e-01	1.079507e-04
6.745383259703469e-01	6.981994e-01	1.079512e-04
6.745543259703469e-01	6.982634e-01	1.079574e-04
6.745863259703470e-01	6.983914e-01	1.079702e-04
6.746503259703469e-01	6.986474e-01	1.079955e-04
6.747783259703469e-01	6.991593e-01	1.080461e-04
6.750343259703470e-01	7.001832e-01	1.081476e-04
6.755463259703469e-01	7.022310e-01	1.083503e-04
6.765703259703469e-01	7.063267e-01	1.087558e-04
6.786183259703470e-01	7.145179e-01	1.095667e-04
6.807667634703470e-01	7.231109e-01	1.104176e-04
6.829152009703471e-01	7.317038e-01	1.112683e-04
6.850636384703471e-01	7.402968e-01	1.121192e-04
6.872120759703472e-01	7.488897e-01	1.129699e-04
6.893605134703472e-01	7.574826e-01	1.138206e-04
6.893615134703472e-01	7.574867e-01	1.138210e-04
6.893775134703473e-01	7.575507e-01	1.138275e-04
6.894095134703473e-01	7.576787e-01	1.138401e-04
6.894735134703472e-01	7.579346e-01	1.138654e-04
6.896015134703473e-01	7.584466e-01	1.139162e-04
6.898575134703473e-01	7.594705e-01	1.140175e-04
6.903695134703473e-01	7.615183e-01	1.142201e-04
6.913935134703473e-01	7.656139e-01	1.146257e-04
6.934415134703473e-01	7.738051e-01	1.154366e-04
6.955899509703474e-01	7.823981e-01	1.162875e-04
6.977383884703474e-01	7.909911e-01	1.171381e-04
6.998868259703475e-01	7.995840e-01	1.179891e-04
7.020352634703475e-01	8.081770e-01	1.188397e-04
7.041837009703475e-01	8.167700e-01	1.196904e-04
7.041847009703476e-01	8.167740e-01	1.196909e-04
7.042007009703476e-01	8.168380e-01	1.196973e-04
7.042327009703476e-01	8.169659e-01	1.197100e-04
7.042967009703476e-01	8.172219e-01	1.197352e-04
7.044247009703476e-01	8.177339e-01	1.197860e-04
7.046807009703476e-01	8.187578e-01	1.198874e-04
7.051927009703476e-01	8.208056e-01	1.200900e-04
7.062167009703476e-01	8.249012e-01	1.204956e-04
7.082647009703477e-01	8.330925e-01	1.213067e-04
7.104131384703477e-01	8.416854e-01	1.221573e-04
7.125615759703477e-01	8.502784e-01	1.230080e-04
7.147100134703478e-01	8.588713e-01	1.238589e-04
7.168584509703478e-01	8.674642e-01	1.247096e-04
7.190068884703479e-01	8.760572e-01	1.255603e-04
7.190078884703479e-01	8.760612e-01	1.255608e-04
7.190238884703479e-01	8.761252e-01	1.255672e-04
7.190558884703480e-01	8.762532e-01	1.255798e-04
7.191198884703479e-01	8.765092e-01	1.256051e-04
7.192478884703479e-01	8.770211e-01	1.256559e-04
7.195038884703480e-01	8.780450e-01	1.257572e-04
7.200158884703479e-01	8.800929e-01	1.259599e-04
7.210398884703479e-01	8.841885e-01	1.263654e-04
7.230878884703480e-01	8.923797e-01	1.271765e-04
7.252363259703480e-01	9.009727e-01	1.280272e-04
7.273847634703481e-01	9.095656e-01	1.288779e-04
7.295332009703481e-01	9.181586e-01	1.297288e-04
7.316816384703482e-01	9.267516e-01	1.305795e-04
7.338300759703482e-01	9.353445e-01	1.314304e-04
7.338310759703482e-01	9.353485e-01	1.314306e-04
7.338470759703483e-01	9.354125e-01	1.314371e-04
7.338790759703483e-01	9.355405e-01	1.314497e-04
7.339430759703482e-01	9.357964e-01	1.314750e-04
7.340710759703483e-01	9.363084e-01	1.315258e-04
7.343270759703483e-01	9.373323e-01	1.316271e-04
7.348390759703483e-01	9.393801e-01	1.318297e-04
7.358630759703483e-01	9.434758e-01	1.322353e-04
7.379110759703483e-01	9.516670e-01	1.330464e-04
7.400595134703484e-01	9.602600e-01	1.338971e-04
7.422079509703484e-01	9.688529e-01	1.347480e-04
7.443563884703485e-01	9.774458e-01	1.355987e-04
7.465048259703485e-01	9.860388e-01	1.364493e-04
7.486532634703486e-01	9.946318e-01	1.373003e-04
7.486542634703486e-01	9.946358e-01	1.373005e-04
7.486702634703486e-01	9.946998e-01	1.373069e-04
7.487022634703486e-01	9.948277e-01	1.373196e-04
7.487662634703486e-01	9.950837e-01	1.373448e-04
7.488942634703486e-01	9.955957e-01	1.373956e-04
7.491502634703486e-01	9.966196e-01	1.374969e-04
7.496622634703486e-01	9.986674e-01	1.376998e-04
7.506862634703486e-01	1.002763e+00	1.381052e-04
7.527342634703487e-01	1.010954e+00	1.389163e-04
7.548827009703487e-01	1.019547e+00	1.397669e-04
7.570311384703488e-01	1.028140e+00	1.406178e-04
7.591795759703488e-01	1.036733e+00	1.414685e-04
7.613280134703488e-01	1.045326e+00	1.423192e-04
7.634764509703489e-01	1.053919e+00	1.431701e-04
7.634774509703489e-01	1.053923e+00	1.431704e-04
7.634934509703489e-01	1.053987e+00	1.431768e-04
7.635254509703490e-01	1.054115e+00	1.431894e-04
7.635894509703489e-01	1.054371e+00	1.432147e-04
7.637174509703489e-01	1.054883e+00	1.432655e-04
7.639734509703490e-01	1.055907e+00	1.433668e-04
7.644854509703489e-01	1.057955e+00	1.435697e-04
7.655094509703489e-01	1.062050e+00	1.439750e-04
7.675574509703490e-01	1.070242e+00	1.447861e-04
7.697058884703490e-01	1.078835e+00	1.456368e-04
7.718543259703491e-01	1.087427e+00	1.464877e-04
7.740027634703491e-01	1.096020e+00	1.473384e-04
7.761512009703492e-01	1.104613e+00	1.481891e-04
7.782996384703492e-01	1.113206e+00	1.490400e-04
7.783006384703492e-01	1.113210e+00	1.490402e-04
7.783166384703493e-01	1.113274e+00	1.490467e-04
7.783486384703493e-01	1.113402e+00	1.490593e-04
7.784126384703492e-01	1.113658e+00	1.490848e-04
7.785406384703493e-01	1.114170e+00	1.491354e-04
7.787966384703493e-01	1.115194e+00	1.492367e-04
7.793086384703493e-01	1.117242e+00	1.494396e-04
7.803326384703493e-01	1.121338e+00	1.498449e-04
7.823806384703493e-01	1.129529e+00	1.506560e-04
7.845290759703494e-01	1.138122e+00	1.515067e-04
7.866775134703494e-01	1.146715e+00	1.523576e-04
7.888259509703495e-01	1.155308e+00	1.532083e-04
7.909743884703495e-01	1.163901e+00	1.540592e-04
7.931228259703496e-01	1.172494e+00	1.549098e-04
7.931238259703496e-01	1.172498e+00	1.549103e-04
7.931398259703496e-01	1.172562e+00	1.549165e-04
7.931718259703496e-01	1.172690e+00	1.549292e-04
7.932358259703496e-01	1.172946e+00	1.549547e-04
7.933638259703496e-01	1.173458e+00	1.550052e-04
7.936198259703496e-01	1.174481e+00	1.551065e-04
7.941318259703496e-01	1.176529e+00	1.553094e-04
7.951558259703496e-01	1.180625e+00	1.557150e-04
7.972038259703497e-01	1.188816e+00	1.565259e-04
7.993522634703497e-01	1.197409e+00	1.573768e-04
8.015007009703498e-01	1.206002e+00	1.582274e-04
8.036491384703498e-01	1.214595e+00	1.590781e-04
8.057975759703498e-01	1.223188e+00	1.599290e-04
8.079460134703499e-01	1.231781e+00	1.607797e-04
8.079470134703499e-01	1.231785e+00	1.607802e-04
8.079630134703499e-01	1.231849e+00	1.607864e-04
8.079950134703500e-01	1.231977e+00	1.607990e-04
8.080590134703499e-01	1.232233e+00	1.608245e-04
8.081870134703499e-01	1.232745e+00	1.608751e-04
8.084430134703500e-01	1.233769e+00	1.609766e-04
8.089550134703499e-01	1.235816e+00	1.611793e-04
8.099790134703500e-01	1.239912e+00	1.615849e-04
8.120270134703500e-01	1.248103e+00	1.623957e-04
8.141754509703500e-01	1.256696e+00	1.632466e-04
8.163238884703501e-01	1.265289e+00	1.640973e-04
8.184723259703501e-01	1.273882e+00	1.649480e-04
8.206207634703502e-01	1.282475e+00	1.657989e-04
8.227692009703502e-01	1.291068e+00	1.666496e-04
8.227702009703503e-01	1.291072e+00	1.666501e-04
8.227862009703503e-01	1.291136e+00	1.666563e-04
8.228182009703503e-01	1.291264e+00	1.666689e-04
8.228822009703503e-01	1.291520e+00	1.666944e-04
8.230102009703503e-01	1.292032e+00	1.667449e-04
8.232662009703503e-01	1.293056e+00	1.668465e-04
8.237782009703503e-01	1.295104e+00	1.670492e-04
8.248022009703503e-01	1.299199e+00	1.674547e-04
8.268502009703503e-01	1.307391e+00	1.682656e-04
8.289986384703504e-01	1.315984e+00	1.691165e-04
8.311470759703504e-01	1.324577e+00	1.699672e-04
8.332955134703505e-01	1.333170e+00	1.708179e-04
8.354439509703505e-01	1.341762e+00	1.716688e-04
8.375923884703506e-01	1.350355e+00	1.725194e-04
8.375933884703506e-01	1.350359e+00	1.725199e-04
8.376093884703506e-01	1.350423e+00	1.725261e-04
8.376413884703506e-01	1.350551e+00	1.725390e-04
8.377053884703506e-01	1.350807e+00	1.725643e-04
8.378333884703506e-01	1.351319e+00	1.726148e-04
8.380893884703506e-01	1.352343e+00	1.727164e-04
8.386013884703506e-01	1.354391e+00	1.729190e-04
8.396253884703506e-01	1.358487e+00	1.733246e-04
8.416733884703507e-01	1.366678e+00	1.741354e-04
8.438218259703507e-01	1.375271e+00	1.749864e-04
8.459702634703508e-01	1.383864e+00	1.758370e-04
8.481187009703508e-01	1.392457e+00	1.766880e-04
8.502671384703508e-01	1.401050e+00	1.775386e-04
8.524155759703509e-01	1.409643e+00	1.783893e-04
8.524165759703509e-01	1.409647e+00	1.783898e-04
8.524325759703509e-01	1.409711e+00	1.783962e-04
8.524645759703510e-01	1.409839e+00	1.784089e-04
8.525285759703509e-01	1.410095e+00	1.784341e-04
8.526565759703509e-01	1.410607e+00	1.784849e-04
8.529125759703510e-01	1.411631e+00	1.785862e-04
8.534245759703509e-01	1.413678e+00	1.787889e-04
8.544485759703510e-01	1.417774e+00	1.791945e-04
8.564965759703510e-01	1.425965e+00	1.800056e-04
8.586450134703510e-01	1.434558e+00	1.808562e-04
8.607934509703511e-01	1.443151e+00	1.817069e-04
8.629418884703511e-01	1.451744e+00	1.825578e-04
8.650903259703512e-01	1.460337e+00	1.834085e-04
8.672387634703512e-01	1.468930e+00	1.842592e-04
8.672397634703513e-01	1.468934e+00	1.842597e-04
8.672557634703513e-01	1.468998e+00	1.842661e-04
8.672877634703513e-01	1.469126e+00	1.842787e-04
8.673517634703513e-01	1.469382e+00	1.843040e-04
8.674797634703513e-01	1.469894e+00	1.843548e-04
8.677357634703513e-01	1.470918e+00	1.844561e-04
8.682477634703513e-01	1.472966e+00	1.846588e-04
8.692717634703513e-01	1.477061e+00	1.850643e-04
8.713197634703513e-01	1.485252e+00	1.858754e-04
8.734682009703514e-01	1.493845e+00	1.867261e-04
8.756166384703514e-01	1.502438e+00	1.875768e-04
8.777650759703515e-01	1.511031e+00	1.884277e-04
8.799135134703515e-01	1.519624e+00	1.892784e-04
8.820619509703516e-01	1.528217e+00	1.901290e-04
8.820629509703516e-01	1.528221e+00	1.901295e-04
8.820789509703516e-01	1.528285e+00	1.901360e-04
8.821109509703516e-01	1.528413e+00	1.901486e-04
8.821749509703516e-01	1.528669e+00	1.901739e-04
8.823029509703516e-01	1.529181e+00	1.902246e-04
8.825589509703516e-01	1.530205e+00	1.903260e-04
8.830709509703516e-01	1.532253e+00	1.905286e-04
8.840949509703516e-01	1.536348e+00	1.909342e-04
8.861429509703517e-01	1.544540e+00	1.917453e-04
8.882913884703517e-01	1.553133e+00	1.925960e-04
8.904398259703518e-01	1.561726e+00	1.934466e-04
8.925882634703518e-01	1.570319e+00	1.942976e-04
8.947367009703519e-01	1.578912e+00	1.951482e-04
8.968851384703519e-01	1.587505e+00	1.959991e-04
8.968861384703519e-01	1.587509e+00	1.959994e-04
8.969021384703519e-01	1.587573e+00	1.960058e-04
8.969341384703520e-01	1.587700e+00	1.960185e-04
8.969981384703519e-01	1.587956e+00	1.960437e-04
8.971261384703519e-01	1.588468e+00	1.960945e-04
8.973821384703520e-01	1.589492e+00	1.961958e-04
8.978941384703519e-01	1.591540e+00	1.963985e-04
8.989181384703520e-01	1.595636e+00	1.968040e-04
9.009661384703520e-01	1.603827e+00	1.976151e-04
9.031145759703521e-01	1.612420e+00	1.984658e-04
9.052630134703521e-01	1.621013e+00	1.993167e-04
9.074114509703521e-01	1.629606e+00	2.001674e-04
9.095598884703522e-01	1.638199e+00	2.010181e-04
9.117083259703522e-01	1.646792e+00	2.018690e-04
9.117093259703523e-01	1.646796e+00	2.018692e-04
9.117253259703523e-01	1.646860e+00	2.018757e-04
9.117573259703523e-01	1.646988e+00	2.018883e-04
9.118213259703523e-01	1.647244e+00	2.019136e-04
9.119493259703523e-01	1.647756e+00	2.019644e-04
9.122053259703523e-01	1.648780e+00	2.020657e-04
9.127173259703523e-01	1.650827e+00	2.022686e-04
9.137413259703523e-01	1.654923e+00	2.026739e-04
9.157893259703523e-01	1.663114e+00	2.034850e-04
9.179377634703524e-01	1.671707e+00	2.043357e-04
9.200862009703524e-01	1.680300e+00	2.051866e-04
9.222346384703525e-01	1.688893e+00	2.060373e-04
9.243830759703525e-01	1.697486e+00	2.068880e-04
9.265315134703526e-01	1.706079e+00	2.077389e-04
9.265325134703526e-01	1.706083e+00	2.077391e-04
9.265485134703526e-01	1.706147e+00	2.077456e-04
9.265805134703526e-01	1.706275e+00	2.077582e-04
9.266445134703526e-01	1.706531e+00	2.077835e-04
9.267725134703526e-01	1.707043e+00	2.078342e-04
9.270285134703526e-01	1.708067e+00	2.079356e-04
9.275405134703526e-01	1.710115e+00	2.081385e-04
9.285645134703526e-01	1.714210e+00	2.085438e-04
9.306125134703527e-01	1.722402e+00	2.093549e-04
9.327609509703527e-01	1.730994e+00	2.102056e-04
9.349093884703528e-01	1.739587e+00	2.110565e-04
9.370578259703528e-01	1.748180e+00	2.119071e-04
9.392062634703529e-01	1.756773e+00	2.127578e-04
9.413547009703529e-01	1.765366e+00	2.136087e-04
9.413557009703529e-01	1.765370e+00	2.136092e-04
9.413717009703529e-01	1.765434e+00	2.136154e-04
9.414037009703530e-01	1.765562e+00	2.136281e-04
9.414677009703529e-01	1.765818e+00	2.136536e-04
9.415957009703529e-01	1.766330e+00	2.137041e-04
9.418517009703530e-01	1.767354e+00	2.138054e-04
9.423637009703529e-01	1.769402e+00	2.140083e-04
9.433877009703530e-01	1.773498e+00	2.144139e-04
9.454357009703530e-01	1.781689e+00	2.152247e-04
9.475841384703531e-01	1.790282e+00	2.160754e-04
9.497325759703531e-01	1.798875e+00	2.169263e-04
9.518810134703531e-01	1.807468e+00	2.177770e-04
9.540294509703532e-01	1.816061e+00	2.186279e-04
9.561778884703532e-01	1.824654e+00	2.194786e-04
9.561788884703533e-01	1.824658e+00	2.194791e-04
9.561948884703533e-01	1.824722e+00	2.194853e-04
9.562268884703533e-01	1.824850e+00	2.194979e-04
9.562908884703533e-01	1.825106e+00	2.195234e-04
9.564188884703533e-01	1.825618e+00	2.195740e-04
9.566748884703533e-01	1.826641e+00	2.196753e-04
9.571868884703533e-01	1.828689e+00	2.198782e-04
9.582108884703533e-01	1.832785e+00	2.202837e-04
9.602588884703533e-01	1.840976e+00	2.210946e-04
9.624073259703534e-01	1.849569e+00	2.219455e-04
9.645557634703534e-01	1.858162e+00	2.227962e-04
9.667042009703535e-01	1.866755e+00	2.236469e-04
9.688526384703535e-01	1.875348e+00	2.244978e-04
9.710010759703536e-01	1.883941e+00	2.253485e-04
9.710020759703536e-01	1.883945e+00	2.253489e-04
9.710180759703536e-01	1.884009e+00	2.253551e-04
9.710500759703536e-01	1.884137e+00	2.253678e-04
9.711140759703536e-01	1.884393e+00	2.253933e-04
9.712420759703536e-01	1.884905e+00	2.254438e-04
9.714980759703536e-01	1.885929e+00	2.255454e-04
9.720100759703536e-01	1.887977e+00	2.257481e-04
9.730340759703536e-01	1.892072e+00	2.261536e-04
9.750820759703537e-01	1.900263e+00	2.269645e-04
9.772305134703537e-01	1.908856e+00	2.278154e-04
9.793789509703538e-01	1.917449e+00	2.286661e-04
9.815273884703538e-01	1.926042e+00	2.295167e-04
9.836758259703539e-01	1.934635e+00	2.303677e-04
9.858242634703539e-01	1.943228e+00	2.312183e-04
9.858252634703539e-01	1.943232e+00	2.312188e-04
9.858412634703539e-01	1.943296e+00	2.312250e-04
9.858732634703540e-01	1.943424e+00	2.312379e-04
9.859372634703539e-01	1.943680e+00	2.312632e-04
9.860652634703539e-01	1.944192e+00	2.313137e-04
9.863212634703540e-01	1.945216e+00	2.314153e-04
9.868332634703539e-01	1.947264e+00	2.316179e-04
9.878572634703540e-01	1.951359e+00	2.320235e-04
9.899052634703540e-01	1.959551e+00	2.328343e-04
9.920537009703541e-01	1.968144e+00	2.336853e-04
9.942021384703541e-01	1.976737e+00	2.345359e-04
9.963505759703541e-01	1.985330e+00	2.353866e-04
9.984990134703542e-01	1.993922e+00	2.362375e-04
1.000000000000000e+00	1.999926e+00	2.368319e-04
1.000115011069052e+00	1.999467e+00	2.286730e-04
1.000345033207157e+00	1.998547e+00	2.139461e-04
1.000346033207157e+00	1.998543e+00	2.138894e-04
1.000362033207157e+00	1.998479e+00	2.129915e-04
1.000394033207157e+00	1.998351e+00	2.112379e-04
1.000458033207157e+00	1.998095e+00	2.078946e-04
1.000586033207157e+00	1.997583e+00	2.018125e-04
1.000842033207157e+00	1.996559e+00	1.917200e-04
1.000843033207157e+00	1.996555e+00	1.916857e-04
1.000859033207157e+00	1.996491e+00	1.911404e-04
1.000891033207157e+00	1.996363e+00	1.900759e-04
1.000955033207157e+00	1.996107e+00	1.880457e-04
1.001083033207157e+00	1.995595e+00	1.843505e-04
1.001339033207157e+00	1.994571e+00	1.782119e-04
1.001851033207157e+00	1.992523e+00	1.696565e-04
1.001852033207157e+00	1.992519e+00	1.696441e-04
1.001868033207157e+00	1.992455e+00	1.694460e-04
1.001900033207157e+00	1.992327e+00	1.690588e-04
1.001964033207157e+00	1.992071e+00	1.683199e-04
1.002092033207157e+00	1.991559e+00	1.669719e-04
1.002348033207157e+00	1.990535e+00	1.647220e-04
1.002860033207157e+00	1.988488e+00	1.615462e-04
1.003884033207157e+00	1.984392e+00	1.582353e-04
1.005932033207157e+00	1.976201e+00	1.560457e-04
1.008080470707157e+00	1.967608e+00	1.552188e-04
1.010228908207157e+00	1.959015e+00	1.543670e-04
1.012377345707157e+00	1.950422e+00	1.535163e-04
1.014525783207157e+00	1.941829e+00	1.526656e-04
1.016674220707158e+00	1.933236e+00	1.518147e-04
1.018822658207158e+00	1.924643e+00	1.509640e-04
1.020971095707158e+00	1.916050e+00	1.501133e-04
1.023119533207158e+00	1.907457e+00	1.492624e-04
1.025267970707158e+00	1.898864e+00	1.484118e-04
1.027416408207158e+00	1.890271e+00	1.475608e-04
1.029564845707158e+00	1.881678e+00	1.467102e-04
1.029565845707158e+00	1.881674e+00	1.467097e-04
1.029581845707158e+00	1.881610e+00	1.467035e-04
1.029613845707158e+00	1.881482e+00	1.466908e-04
1.029677845707158e+00	1.881226e+00	1.466653e-04
1.029805845707158e+00	1.880714e+00	1.466148e-04
1.030061845707158e+00	1.879690e+00	1.465135e-04
1.030573845707158e+00	1.877643e+00	1.463106e-04
1.031597845707158e+00	1.873547e+00	1.459050e-04
1.033645845707158e+00	1.865356e+00	1.450942e-04
1.035794283207158e+00	1.856763e+00	1.442432e-04
1.037942720707158e+00	1.848170e+00	1.433926e-04
1.040091158207158e+00	1.839577e+00	1.425419e-04
1.042239595707158e+00	1.830984e+00	1.416910e-04
1.044388033207158e+00	1.822391e+00	1.408403e-04
1.044389033207158e+00	1.822387e+00	1.408398e-04
1.044405033207158e+00	1.822323e+00	1.408336e-04
1.044437033207158e+00	1.822195e+00	1.408207e-04
1.044501033207158e+00	1.821939e+00	1.407955e-04
1.044629033207158e+00	1.821427e+00	1.407449e-04
1.044885033207158e+00	1.820403e+00	1.406434e-04
1.045397033207158e+00	1.818355e+00	1.404407e-04
1.046421033207158e+00	1.814260e+00	1.400352e-04
1.048469033207158e+00	1.806068e+00	1.392243e-04
1.050617470707158e+00	1.797476e+00	1.383734e-04
1.052765908207158e+00	1.788883e+00	1.375227e-04
1.054914345707158e+00	1.780290e+00	1.366720e-04
1.057062783207158e+00	1.771697e+00	1.358211e-04
1.059211220707158e+00	1.763104e+00	1.349704e-04
1.059212220707158e+00	1.763100e+00	1.349699e-04
1.059228220707158e+00	1.763036e+00	1.349638e-04
1.059260220707158e+00	1.762908e+00	1.349509e-04
1.059324220707158e+00	1.762652e+00	1.349256e-04
1.059452220707158e+00	1.762140e+00	1.348751e-04
1.059708220707158e+00	1.761116e+00	1.347735e-04
1.060220220707158e+00	1.759068e+00	1.345708e-04
1.061244220707158e+00	1.754972e+00	1.341653e-04
1.063292220707158e+00	1.746781e+00	1.333544e-04
1.065440658207158e+00	1.738188e+00	1.325035e-04
1.067589095707158e+00	1.729595e+00	1.316528e-04
1.069737533207158e+00	1.721002e+00	1.308019e-04
1.071885970707158e+00	1.712409e+00	1.299512e-04
1.074034408207158e+00	1.703816e+00	1.291006e-04
1.074035408207158e+00	1.703812e+00	1.291001e-04
1.074051408207158e+00	1.703748e+00	1.290936e-04
1.074083408207158e+00	1.703620e+00	1.290810e-04
1.074147408207158e+00	1.703364e+00	1.290557e-04
1.074275408207158e+00	1.702852e+00	1.290050e-04
1.074531408207158e+00	1.701829e+00	1.289036e-04
1.075043408207158e+00	1.699781e+00	1.287010e-04
1.076067408207158e+00	1.695685e+00	1.282954e-04
1.078115408207158e+00	1.687494e+00	1.274843e-04
1.080263845707158e+00	1.678901e+00	1.266336e-04
1.082412283207159e+00	1.670308e+00	1.257830e-04
1.084560720707159e+00	1.661715e+00	1.249321e-04
1.086709158207159e+00	1.653122e+00	1.240814e-04
1.088857595707159e+00	1.644529e+00	1.232307e-04
1.088858595707159e+00	1.644525e+00	1.232302e-04
1.088874595707159e+00	1.644461e+00	1.232238e-04
1.088906595707159e+00	1.644333e+00	1.232111e-04
1.088970595707159e+00	1.644077e+00	1.231859e-04
1.089098595707159e+00	1.643565e+00	1.231351e-04
1.089354595707159e+00	1.642541e+00	1.230338e-04
1.089866595707159e+00	1.640494e+00	1.228311e-04
1.090890595707159e+00	1.636398e+00	1.224256e-04
1.092938595707159e+00	1.628207e+00	1.216145e-04
1.095087033207159e+00	1.619614e+00	1.207638e-04
1.097235470707159e+00	1.611021e+00	1.199131e-04
1.099383908207159e+00	1.602428e+00	1.190622e-04
1.101532345707159e+00	1.593835e+00	1.182115e-04
1.103680783207159e+00	1.585242e+00	1.173608e-04
1.103681783207159e+00	1.585238e+00	1.173604e-04
1.103697783207159e+00	1.585174e+00	1.173539e-04
1.103729783207159e+00	1.585046e+00	1.173413e-04
1.103793783207159e+00	1.584790e+00	1.173160e-04
1.103921783207159e+00	1.584278e+00	1.172652e-04
1.104177783207159e+00	1.583254e+00	1.171639e-04
1.104689783207159e+00	1.581206e+00	1.169612e-04
1.105713783207159e+00	1.577111e+00	1.165557e-04
1.107761783207159e+00	1.568919e+00	1.157446e-04
1.109910220707159e+00	1.560326e+00	1.148939e-04
1.112058658207159e+00	1.551733e+00	1.140432e-04
1.114207095707159e+00	1.543141e+00	1.131923e-04
1.116355533207159e+00	1.534548e+00	1.123416e-04
1.118503970707159e+00	1.525955e+00	1.114907e-04
1.118504970707159e+00	1.525951e+00	1.114905e-04
1.118520970707159e+00	1.525887e+00	1.114841e-04
1.118552970707159e+00	1.525759e+00	1.114714e-04
1.118616970707159e+00	1.525503e+00	1.114461e-04
1.118744970707159e+00	1.524991e+00	1.113954e-04
1.119000970707159e+00	1.523967e+00	1.112940e-04
1.119512970707159e+00	1.521919e+00	1.110914e-04
1.120536970707159e+00	1.517823e+00	1.106858e-04
1.122584970707159e+00	1.509632e+00	1.098747e-04
1.124733408207159e+00	1.501039e+00	1.090240e-04
1.126881845707159e+00	1.492446e+00	1.081731e-04
1.129030283207159e+00	1.483853e+00	1.073225e-04
1.131178720707159e+00	1.475260e+00	1.064718e-04
1.133327158207159e+00	1.466667e+00	1.056209e-04
1.133328158207159e+00	1.466663e+00	1.056206e-04
1.133344158207159e+00	1.466599e+00	1.056142e-04
1.133376158207159e+00	1.466471e+00	1.056015e-04
1.133440158207159e+00	1.466215e+00	1.055763e-04
1.133568158207159e+00	1.465703e+00	1.055255e-04
1.133824158207159e+00	1.464679e+00	1.054242e-04
1.134336158207159e+00	1.462632e+00	1.052213e-04
1.135360158207159e+00	1.458536e+00	1.048160e-04
1.137408158207159e+00	1.450345e+00	1.040049e-04
1.139556595707159e+00	1.441752e+00	1.031542e-04
1.141705033207159e+00	1.433159e+00	1.023033e-04
1.143853470707159e+00	1.424566e+00	1.014526e-04
1.146001908207160e+00	1.415973e+00	1.006019e-04
1.148150345707160e+00	1.407380e+00	9.975100e-05
1.148151345707159e+00	1.407376e+00	9.975076e-05
1.148167345707160e+00	1.407312e+00	9.974432e-05
1.148199345707160e+00	1.407184e+00	9.973168e-05
1.148263345707160e+00	1.406928e+00	9.970641e-05
1.148391345707160e+00	1.406416e+00	9.965563e-05
1.148647345707160e+00	1.405392e+00	9.955430e-05
1.149159345707160e+00	1.403344e+00	9.935141e-05
1.150183345707160e+00	1.399249e+00	9.894609e-05
1.152231345707160e+00	1.391058e+00	9.813499e-05
1.154379783207160e+00	1.382465e+00	9.728432e-05
1.156528220707160e+00	1.373872e+00	9.643340e-05
1.158676658207160e+00	1.365279e+00	9.558272e-05
1.160825095707160e+00	1.356686e+00	9.473205e-05
1.162973533207160e+00	1.348093e+00	9.388113e-05
1.162974533207160e+00	1.348089e+00	9.388065e-05
1.162990533207160e+00	1.348025e+00	9.387445e-05
1.163022533207160e+00	1.347897e+00	9.386182e-05
1.163086533207160e+00	1.347641e+00	9.383631e-05
1.163214533207160e+00	1.347129e+00	9.378576e-05
1.163470533207160e+00	1.346105e+00	9.368443e-05
1.163982533207160e+00	1.344057e+00	9.348154e-05
1.165006533207160e+00	1.339962e+00	9.307599e-05
1.167054533207160e+00	1.331770e+00	9.226513e-05
1.169202970707160e+00	1.323177e+00	9.141445e-05
1.171351408207160e+00	1.314584e+00	9.056354e-05
1.173499845707160e+00	1.305991e+00	8.971286e-05
1.175648283207160e+00	1.297398e+00	8.886194e-05
1.177796720707160e+00	1.288805e+00	8.801126e-05
1.177797720707160e+00	1.288802e+00	8.801079e-05
1.177813720707160e+00	1.288738e+00	8.800459e-05
1.177845720707160e+00	1.288610e+00	8.799195e-05
1.177909720707160e+00	1.288354e+00	8.796644e-05
1.178037720707160e+00	1.287842e+00	8.791590e-05
1.178293720707160e+00	1.286818e+00	8.781457e-05
1.178805720707160e+00	1.284770e+00	8.761168e-05
1.179829720707160e+00	1.280674e+00	8.720613e-05
1.181877720707160e+00	1.272483e+00	8.639526e-05
1.184026158207160e+00	1.263890e+00	8.554435e-05
1.186174595707160e+00	1.255297e+00	8.469367e-05
1.188323033207160e+00	1.246704e+00	8.384299e-05
1.190471470707160e+00	1.238111e+00	8.299208e-05
1.192619908207160e+00	1.229518e+00	8.214140e-05
1.192620908207160e+00	1.229514e+00	8.214092e-05
1.192636908207160e+00	1.229450e+00	8.213472e-05
1.192668908207160e+00	1.229322e+00	8.212209e-05
1.192732908207160e+00	1.229066e+00	8.209658e-05
1.192860908207160e+00	1.228554e+00	8.204603e-05
1.193116908207160e+00	1.227530e+00	8.194447e-05
1.193628908207160e+00	1.225483e+00	8.174181e-05
1.194652908207160e+00	1.221387e+00	8.133626e-05
1.196700908207160e+00	1.213196e+00	8.052540e-05
1.198849345707160e+00	1.204603e+00	7.967448e-05
1.200997783207160e+00	1.196010e+00	7.882380e-05
1.203146220707160e+00	1.187417e+00	7.797313e-05
1.205294658207160e+00	1.178824e+00	7.712221e-05
1.207443095707160e+00	1.170231e+00	7.627153e-05
1.207444095707160e+00	1.170227e+00	7.627106e-05
1.207460095707160e+00	1.170163e+00	7.626486e-05
1.207492095707160e+00	1.170035e+00	7.625198e-05
1.207556095707160e+00	1.169779e+00	7.622671e-05
1.207684095707160e+00	1.169267e+00	7.617617e-05
1.207940095707160e+00	1.168243e+00	7.607460e-05
1.208452095707161e+00	1.166195e+00	7.587194e-05
1.209476095707160e+00	1.162100e+00	7.546639e-05
1.211524095707160e+00	1.153908e+00	7.465553e-05
1.213672533207161e+00	1.145316e+00	7.380462e-05
1.215820970707161e+00	1.136723e+00	7.295394e-05
1.217969408207161e+00	1.128130e+00	7.210326e-05
1.220117845707161e+00	1.119537e+00	7.125235e-05
1.222266283207161e+00	1.110944e+00	7.040167e-05
1.222267283207161e+00	1.110940e+00	7.040119e-05
1.222283283207161e+00	1.110876e+00	7.039499e-05
1.222315283207161e+00	1.110748e+00	7.038212e-05
1.222379283207161e+00	1.110492e+00	7.035685e-05
1.222507283207161e+00	1.109980e+00	7.030606e-05
1.222763283207161e+00	1.108956e+00	7.020473e-05
1.223275283207161e+00	1.106908e+00	7.000208e-05
1.224299283207161e+00	1.102812e+00	6.959653e-05
1.226347283207161e+00	1.094621e+00	6.878567e-05
1.228495720707161e+00	1.086028e+00	6.793475e-05
1.230644158207161e+00	1.077435e+00	6.708407e-05
1.232792595707161e+00	1.068842e+00	6.623316e-05
1.234941033207161e+00	1.060249e+00	6.538248e-05
1.237089470707161e+00	1.051656e+00	6.453180e-05
1.237090470707161e+00	1.051652e+00	6.453133e-05
1.237106470707161e+00	1.051588e+00	6.452489e-05
1.237138470707161e+00	1.051460e+00	6.451225e-05
1.237202470707161e+00	1.051204e+00	6.448698e-05
1.237330470707161e+00	1.050692e+00	6.443620e-05
1.237586470707161e+00	1.049669e+00	6.433487e-05
1.238098470707161e+00	1.047621e+00	6.413221e-05
1.239122470707161e+00	1.043525e+00	6.372666e-05
1.241170470707161e+00	1.035334e+00	6.291556e-05
1.243318908207161e+00	1.026741e+00	6.206489e-05
1.245467345707161e+00	1.018148e+00	6.121421e-05
1.247615783207161e+00	1.009555e+00	6.036329e-05
1.249764220707161e+00	1.000962e+00	5.951262e-05
1.251912658207161e+00	9.923691e-01	5.866194e-05
1.251913658207161e+00	9.923651e-01	5.866146e-05
1.251929658207161e+00	9.923012e-01	5.865502e-05
1.251961658207161e+00	9.921731e-01	5.864239e-05
1.252025658207161e+00	9.919172e-01	5.861712e-05
1.252153658207161e+00	9.914052e-01	5.856633e-05
1.252409658207161e+00	9.903813e-01	5.846500e-05
1.252921658207161e+00	9.883335e-01	5.826235e-05
1.253945658207161e+00	9.842379e-01	5.785680e-05
1.255993658207161e+00	9.760466e-01	5.704570e-05
1.258142095707161e+00	9.674537e-01	5.619502e-05
1.260290533207161e+00	9.588608e-01	5.534434e-05
1.262438970707161e+00	9.502678e-01	5.449343e-05
1.264587408207161e+00	9.416748e-01	5.364275e-05
1.266735845707161e+00	9.330819e-01	5.279183e-05
1.266736845707161e+00	9.330779e-01	5.279160e-05
1.266752845707161e+00	9.330139e-01	5.278516e-05
1.266784845707161e+00	9.328859e-01	5.277252e-05
1.266848845707161e+00	9.326299e-01	5.274725e-05
1.266976845707161e+00	9.321179e-01	5.269647e-05
1.267232845707161e+00	9.310941e-01	5.259514e-05
1.267744845707161e+00	9.290462e-01	5.239248e-05
1.268768845707161e+00	9.249506e-01	5.198693e-05
1.270816845707161e+00	9.167594e-01	5.117583e-05
1.272965283207161e+00	9.081664e-01	5.032516e-05
1.275113720707161e+00	8.995734e-01	4.947424e-05
1.277262158207161e+00	8.909805e-01	4.862356e-05
1.279410595707162e+00	8.823875e-01	4.777288e-05
1.281559033207162e+00	8.737946e-01	4.692197e-05
1.281560033207161e+00	8.737906e-01	4.692173e-05
1.281576033207162e+00	8.737266e-01	4.691529e-05
1.281608033207162e+00	8.735986e-01	4.690266e-05
1.281672033207162e+00	8.733426e-01	4.687738e-05
1.281800033207162e+00	8.728307e-01	4.682660e-05
1.282056033207162e+00	8.718067e-01	4.672527e-05
1.282568033207162e+00	8.697590e-01	4.652238e-05
1.283592033207162e+00	8.656633e-01	4.611707e-05
1.285640033207162e+00	8.574721e-01	4.530597e-05
1.287788470707162e+00	8.488792e-01	4.445529e-05
1.289936908207162e+00	8.402862e-01	4.360437e-05
1.292085345707162e+00	8.316932e-01	4.275370e-05
1.294233783207162e+00	8.231003e-01	4.190302e-05
1.296382220707162e+00	8.145073e-01	4.105210e-05
1.296383220707162e+00	8.145033e-01	4.105186e-05
1.296399220707162e+00	8.144393e-01	4.104543e-05
1.296431220707162e+00	8.143113e-01	4.103279e-05
1.296495220707162e+00	8.140553e-01	4.100752e-05
1.296623220707162e+00	8.135434e-01	4.095674e-05
1.296879220707162e+00	8.125195e-01	4.085541e-05
1.297391220707162e+00	8.104717e-01	4.065251e-05
1.298415220707162e+00	8.063760e-01	4.024720e-05
1.300463220707162e+00	7.981848e-01	3.943610e-05
1.302611658207162e+00	7.895918e-01	3.858542e-05
1.304760095707162e+00	7.809989e-01	3.773451e-05
1.306908533207162e+00	7.724059e-01	3.688383e-05
1.309056970707162e+00	7.638130e-01	3.603315e-05
1.311205408207162e+00	7.552201e-01	3.518224e-05
1.311206408207162e+00	7.552160e-01	3.518200e-05
1.311222408207162e+00	7.551520e-01	3.517556e-05
1.311254408207162e+00	7.550240e-01	3.516293e-05
1.311318408207162e+00	7.547681e-01	3.513741e-05
1.311446408207162e+00	7.542561e-01	3.508687e-05
1.311702408207162e+00	7.532322e-01	3.498554e-05
1.312214408207162e+00	7.511844e-01	3.478265e-05
1.313238408207162e+00	7.470888e-01	3.437734e-05
1.315286408207162e+00	7.388976e-01	3.356624e-05
1.317434845707162e+00	7.303046e-01	3.271556e-05
1.319583283207162e+00	7.217116e-01	3.186464e-05
1.321731720707162e+00	7.131187e-01	3.101397e-05
1.323880158207162e+00	7.045257e-01	3.016305e-05
1.326028595707162e+00	6.959327e-01	2.931237e-05
1.326029595707162e+00	6.959288e-01	2.931190e-05
1.326045595707162e+00	6.958647e-01	2.930570e-05
1.326077595707162e+00	6.957368e-01	2.929306e-05
1.326141595707162e+00	6.954808e-01	2.926755e-05
1.326269595707162e+00	6.949688e-01	2.921700e-05
1.326525595707162e+00	6.939449e-01	2.911568e-05
1.327037595707162e+00	6.918971e-01	2.891278e-05
1.328061595707162e+00	6.878015e-01	2.850723e-05
1.330109595707162e+00	6.796103e-01	2.769637e-05
1.332258033207162e+00	6.710173e-01	2.684546e-05
1.334406470707162e+00	6.624243e-01	2.599478e-05
1.336554908207162e+00	6.538314e-01	2.514410e-05
1.338703345707162e+00	6.452384e-01	2.429318e-05
1.340851783207162e+00	6.366455e-01	2.344251e-05
1.340852783207162e+00	6.366414e-01	2.344203e-05
1.340868783207162e+00	6.365775e-01	2.343583e-05
1.340900783207162e+00	6.364495e-01	2.342319e-05
1.340964783207163e+00	6.361935e-01	2.339768e-05
1.341092783207162e+00	6.356816e-01	2.334714e-05
1.341348783207162e+00	6.346577e-01	2.324581e-05
1.341860783207163e+00	6.326098e-01	2.304292e-05
1.342884783207162e+00	6.285142e-01	2.263737e-05
1.344932783207162e+00	6.203230e-01	2.182651e-05
1.347081220707163e+00	6.117300e-01	2.097559e-05
1.349229658207163e+00	6.031371e-01	2.012491e-05
1.351378095707163e+00	5.945441e-01	1.927423e-05
1.353526533207163e+00	5.859511e-01	1.842332e-05
1.355674970707163e+00	5.773582e-01	1.757264e-05
1.355675970707163e+00	5.773542e-01	1.757216e-05
1.355691970707163e+00	5.772902e-01	1.756597e-05
1.355723970707163e+00	5.771622e-01	1.755309e-05
1.355787970707163e+00	5.769063e-01	1.752782e-05
1.355915970707163e+00	5.763943e-01	1.747727e-05
1.356171970707163e+00	5.753704e-01	1.737571e-05
1.356683970707163e+00	5.733226e-01	1.717305e-05
1.357707970707163e+00	5.692269e-01	1.676750e-05
1.359755970707163e+00	5.610357e-01	1.595664e-05
1.361904408207163e+00	5.524427e-01	1.510572e-05
1.364052845707163e+00	5.438498e-01	1.425505e-05
1.366201283207163e+00	5.352568e-01	1.340437e-05
1.368349720707163e+00	5.266639e-01	1.255345e-05
1.370498158207163e+00	5.180709e-01	1.170278e-05
1.370499158207163e+00	5.180669e-01	1.170230e-05
1.370515158207163e+00	5.180029e-01	1.169610e-05
1.370547158207163e+00	5.178750e-01	1.168323e-05
1.370611158207163e+00	5.176190e-01	1.165795e-05
1.370739158207163e+00	5.171070e-01	1.160741e-05
1.370995158207163e+00	5.160831e-01	1.150584e-05
1.371507158207163e+00	5.140353e-01	1.130319e-05
1.372531158207163e+00	5.099397e-01	1.089764e-05
1.374579158207163e+00	5.017484e-01	1.008677e-05
1.376727595707163e+00	4.931555e-01	9.235859e-06
1.378876033207163e+00	4.845625e-01	8.385181e-06
1.381024470707163e+00	4.759696e-01	7.534266e-06
1.383172908207163e+00	4.673766e-01	6.683588e-06
1.385321345707163e+00	4.587836e-01	5.832911e-06
1.385322345707163e+00	4.587796e-01	5.832434e-06
1.385338345707163e+00	4.587156e-01	5.825996e-06
1.385370345707163e+00	4.585876e-01	5.813360e-06
1.385434345707163e+00	4.583317e-01	5.788088e-06
1.385562345707163e+00	4.578197e-01	5.737305e-06
1.385818345707163e+00	4.567958e-01	5.635977e-06
1.386330345707163e+00	4.547480e-01	5.433321e-06
1.387354345707163e+00	4.506524e-01	5.027771e-06
1.389402345707163e+00	4.424611e-01	4.216671e-06
1.391550783207163e+00	4.338682e-01	3.365993e-06
1.393699220707163e+00	4.252752e-01	2.515316e-06
1.395847658207163e+00	4.166823e-01	1.664400e-06
1.397996095707163e+00	4.080893e-01	8.137226e-07
1.400144533207163e+00	3.994963e-01	-3.695488e-08
1.400145533207163e+00	3.994924e-01	-3.743172e-08
1.400161533207163e+00	3.994284e-01	-4.386902e-08
1.400193533207163e+00	3.993004e-01	-5.650520e-08
1.400257533207163e+00	3.990444e-01	-8.177757e-08
1.400385533207163e+00	3.985325e-01	-1.325607e-07
1.400641533207163e+00	3.975085e-01	-2.338886e-07
1.401153533207163e+00	3.954607e-01	-4.365444e-07
1.402177533207163e+00	3.913651e-01	-8.420944e-07
1.404225533207163e+00	3.831739e-01	-1.653194e-06
1.406373970707163e+00	3.745809e-01	-2.503872e-06
1.408522408207163e+00	3.659880e-01	-3.354549e-06
1.410670845707164e+00	3.573950e-01	-4.205465e-06
1.412819283207164e+00	3.488020e-01	-5.056143e-06
1.414967720707164e+00	3.402091e-01	-5.907059e-06
1.414968720707164e+00	3.402051e-01	-5.907297e-06
1.414984720707164e+00	3.401411e-01	-5.913734e-06
1.415016720707164e+00	3.400131e-01	-5.926371e-06
1.415080720707164e+00	3.397571e-01	-5.951643e-06
1.415208720707164e+00	3.392452e-01	-6.002426e-06
1.415464720707164e+00	3.382213e-01	-6.103754e-06
1.415976720707164e+00	3.361734e-01	-6.306410e-06
1.417000720707164e+00	3.320778e-01	-6.711960e-06
1.419048720707164e+00	3.238866e-01	-7.523060e-06
1.421197158207164e+00	3.152936e-01	-8.373737e-06
1.423345595707164e+00	3.067007e-01	-9.224415e-06
1.425494033207164e+00	2.981077e-01	-1.007533e-05
1.427642470707164e+00	2.895148e-01	-1.092601e-05
1.429790908207164e+00	2.809218e-01	-1.177692e-05
1.429791908207164e+00	2.809178e-01	-1.177716e-05
1.429807908207164e+00	2.808538e-01	-1.178360e-05
1.429839908207164e+00	2.807258e-01	-1.179624e-05
1.429903908207164e+00	2.804698e-01	-1.182151e-05
1.430031908207164e+00	2.799579e-01	-1.187229e-05
1.430287908207164e+00	2.789340e-01	-1.197362e-05
1.430799908207164e+00	2.768862e-01	-1.217628e-05
1.431823908207164e+00	2.727906e-01	-1.258183e-05
1.433871908207164e+00	2.645993e-01	-1.339293e-05
1.436020345707164e+00	2.560064e-01	-1.424360e-05
1.438168783207164e+00	2.474134e-01	-1.509452e-05
1.440317220707164e+00	2.388204e-01	-1.594520e-05
1.442465658207164e+00	2.302275e-01	-1.679587e-05
1.444614095707164e+00	2.216345e-01	-1.764679e-05
1.444615095707164e+00	2.216305e-01	-1.764703e-05
1.444631095707164e+00	2.215665e-01	-1.765347e-05
1.444663095707164e+00	2.214385e-01	-1.766610e-05
1.444727095707164e+00	2.211826e-01	-1.769137e-05
1.444855095707164e+00	2.206706e-01	-1.774216e-05
1.445111095707164e+00	2.196467e-01	-1.784348e-05
1.445623095707164e+00	2.175989e-01	-1.804638e-05
1.446647095707164e+00	2.135033e-01	-1.845169e-05
1.448695095707164e+00	2.053120e-01	-1.926279e-05
1.450843533207164e+00	1.967191e-01	-2.011347e-05
1.452991970707164e+00	1.881261e-01	-2.096438e-05
1.455140408207164e+00	1.795332e-01	-2.181506e-05
1.457288845707164e+00	1.709402e-01	-2.266574e-05
1.459437283207164e+00	1.623472e-01	-2.351665e-05
1.459438283207164e+00	1.623432e-01	-2.351689e-05
1.459454283207164e+00	1.622792e-01	-2.352333e-05
1.459486283207164e+00	1.621513e-01	-2.353597e-05
1.459550283207164e+00	1.618953e-01	-2.356124e-05
1.459678283207164e+00	1.613833e-01	-2.361202e-05
1.459934283207164e+00	1.603594e-01	-2.371335e-05
1.460446283207164e+00	1.583116e-01	-2.391624e-05
1.461470283207164e+00	1.542160e-01	-2.432156e-05
1.463518283207164e+00	1.460247e-01	-2.513266e-05
1.465666720707164e+00	1.374318e-01	-2.598333e-05
1.467815158207164e+00	1.288388e-01	-2.683425e-05
1.469963595707164e+00	1.202459e-01	-2.768493e-05
1.472112033207164e+00	1.116529e-01	-2.853584e-05
1.474260470707164e+00	1.030600e-01	-2.938652e-05
1.474261470707164e+00	1.030560e-01	-2.938700e-05
1.474277470707164e+00	1.029920e-01	-2.939320e-05
1.474309470707164e+00	1.028640e-01	-2.940583e-05
1.474373470707165e+00	1.026080e-01	-2.943134e-05
1.474501470707164e+00	1.020961e-01	-2.948189e-05
1.474757470707164e+00	1.010721e-01	-2.958322e-05
1.475269470707165e+00	9.902433e-02	-2.978611e-05
1.476293470707164e+00	9.492871e-02	-3.019166e-05
1.478341470707164e+00	8.673746e-02	-3.100252e-05
1.480489908207165e+00	7.814451e-02	-3.185320e-05
1.482638345707165e+00	6.955155e-02	-3.270411e-05
1.484786783207165e+00	6.095859e-02	-3.355479e-05
1.486935220707165e+00	5.236563e-02	-3.440571e-05
1.489083658207165e+00	4.377268e-02	-3.525639e-05
1.489084658207165e+00	4.376868e-02	-3.525686e-05
1.489100658207165e+00	4.370468e-02	-3.526306e-05
1.489132658207165e+00	4.357670e-02	-3.527570e-05
1.489196658207165e+00	4.332072e-02	-3.530121e-05
1.489324658207165e+00	4.280877e-02	-3.535175e-05
1.489580658207165e+00	4.178486e-02	-3.545308e-05
1.490092658207165e+00	3.973705e-02	-3.565598e-05
1.491116658207165e+00	3.564143e-02	-3.606153e-05
1.493164658207165e+00	2.745018e-02	-3.687239e-05
1.495313095707165e+00	1.885723e-02	-3.772330e-05
1.497461533207165e+00	1.026427e-02	-3.857398e-05
1.499609970707165e+00	1.671312e-03	-3.942466e-05
1.501758408207165e+00	-6.921645e-03	-4.027557e-05
1.503906845707165e+00	-1.551460e-02	-4.112625e-05
1.503907845707165e+00	-1.551860e-02	-4.112673e-05
1.503923845707165e+00	-1.558260e-02	-4.113293e-05
1.503955845707165e+00	-1.571058e-02	-4.114556e-05
1.504019845707165e+00	-1.596656e-02	-4.117107e-05
1.504147845707165e+00	-1.647851e-02	-4.122162e-05
1.504403845707165e+00	-1.750242e-02	-4.132318e-05
1.504915845707165e+00	-1.955023e-02	-4.152584e-05
1.505939845707165e+00	-2.364585e-02	-4.193139e-05
1.507987845707165e+00	-3.183710e-02	-4.274225e-05
1.510136283207165e+00	-4.043005e-02	-4.359317e-05
1.512284720707165e+00	-4.902301e-02	-4.444385e-05
1.514433158207165e+00	-5.761597e-02	-4.529452e-05
1.516581595707165e+00	-6.620893e-02	-4.614544e-05
1.518730033207165e+00	-7.480188e-02	-4.699612e-05
1.518731033207165e+00	-7.480589e-02	-4.699659e-05
1.518747033207165e+00	-7.486988e-02	-4.700279e-05
1.518779033207165e+00	-7.499786e-02	-4.701567e-05
1.518843033207165e+00	-7.525384e-02	-4.704094e-05
1.518971033207165e+00	-7.576580e-02	-4.709148e-05
1.519227033207165e+00	-7.678970e-02	-4.719305e-05
1.519739033207165e+00	-7.883751e-02	-4.739571e-05
1.520763033207165e+00	-8.293314e-02	-4.780126e-05
1.522811033207165e+00	-9.112438e-02	-4.861212e-05
1.524959470707165e+00	-9.971733e-02	-4.946303e-05
1.527107908207165e+00	-1.083103e-01	-5.031371e-05
1.529256345707165e+00	-1.169033e-01	-5.116463e-05
1.531404783207165e+00	-1.254962e-01	-5.201530e-05
1.533553220707165e+00	-1.340892e-01	-5.286598e-05
1.533554220707165e+00	-1.340932e-01	-5.286646e-05
1.533570220707165e+00	-1.341572e-01	-5.287290e-05
1.533602220707165e+00	-1.342852e-01	-5.288553e-05
1.533666220707165e+00	-1.345411e-01	-5.291080e-05
1.533794220707165e+00	-1.350531e-01	-5.296159e-05
1.534050220707165e+00	-1.360770e-01	-5.306292e-05
1.534562220707165e+00	-1.381248e-01	-5.326557e-05
1.535586220707165e+00	-1.422204e-01	-5.367112e-05
1.537634220707165e+00	-1.504117e-01	-5.448198e-05
1.539782658207165e+00	-1.590046e-01	-5.533290e-05
1.541931095707165e+00	-1.675976e-01	-5.618358e-05
1.544079533207166e+00	-1.761905e-01	-5.703449e-05
1.546227970707166e+00	-1.847835e-01	-5.788517e-05
1.548376408207166e+00	-1.933765e-01	-5.873585e-05
1.548377408207166e+00	-1.933804e-01	-5.873632e-05
1.548393408207166e+00	-1.934444e-01	-5.874276e-05
1.548425408207166e+00	-1.935724e-01	-5.875540e-05
1.548489408207166e+00	-1.938284e-01	-5.878067e-05
1.548617408207166e+00	-1.943404e-01	-5.883145e-05
1.548873408207166e+00	-1.953643e-01	-5.893278e-05
1.549385408207166e+00	-1.974121e-01	-5.913544e-05
1.550409408207166e+00	-2.015077e-01	-5.954099e-05
1.552457408207166e+00	-2.096989e-01	-6.035209e-05
1.554605845707166e+00	-2.182919e-01	-6.120276e-05
1.556754283207166e+00	-2.268849e-01	-6.205344e-05
1.558902720707166e+00	-2.354778e-01	-6.290436e-05
1.561051158207166e+00	-2.440708e-01	-6.375504e-05
1.563199595707166e+00	-2.526637e-01	-6.460571e-05
1.563200595707166e+00	-2.526677e-01	-6.460619e-05
1.563216595707166e+00	-2.527317e-01	-6.461263e-05
1.563248595707166e+00	-2.528597e-01	-6.462526e-05
1.563312595707166e+00	-2.531157e-01	-6.465054e-05
1.563440595707166e+00	-2.536276e-01	-6.470132e-05
1.563696595707166e+00	-2.546515e-01	-6.480265e-05
1.564208595707166e+00	-2.566994e-01	-6.500530e-05
1.565232595707166e+00	-2.607950e-01	-6.541085e-05
1.567280595707166e+00	-2.689862e-01	-6.622195e-05
1.569429033207166e+00	-2.775792e-01	-6.707263e-05
1.571577470707166e+00	-2.861722e-01	-6.792331e-05
1.573725908207166e+00	-2.947651e-01	-6.877422e-05
1.575874345707166e+00	-3.033580e-01	-6.962490e-05
1.578022783207166e+00	-3.119510e-01	-7.047582e-05
1.578023783207166e+00	-3.119550e-01	-7.047606e-05
1.578039783207166e+00	-3.120190e-01	-7.048249e-05
1.578071783207166e+00	-3.121470e-01	-7.049513e-05
1.578135783207166e+00	-3.124030e-01	-7.052040e-05
1.578263783207166e+00	-3.129149e-01	-7.057118e-05
1.578519783207166e+00	-3.139388e-01	-7.067251e-05
1.579031783207166e+00	-3.159866e-01	-7.087517e-05
1.580055783207166e+00	-3.200822e-01	-7.128072e-05
1.582103783207166e+00	-3.282735e-01	-7.209182e-05
1.584252220707166e+00	-3.368665e-01	-7.294250e-05
1.586400658207166e+00	-3.454594e-01	-7.379341e-05
1.588549095707166e+00	-3.540524e-01	-7.464409e-05
1.590697533207166e+00	-3.626453e-01	-7.549477e-05
1.592845970707166e+00	-3.712383e-01	-7.634568e-05
1.592846970707166e+00	-3.712423e-01	-7.634592e-05
1.592862970707166e+00	-3.713063e-01	-7.635236e-05
1.592894970707166e+00	-3.714343e-01	-7.636499e-05
1.592958970707166e+00	-3.716902e-01	-7.639027e-05
1.593086970707166e+00	-3.722022e-01	-7.644105e-05
1.593342970707166e+00	-3.732261e-01	-7.654238e-05
1.593854970707166e+00	-3.752739e-01	-7.674527e-05
1.594878970707166e+00	-3.793696e-01	-7.715058e-05
1.596926970707166e+00	-3.875608e-01	-7.796168e-05
1.599075408207166e+00	-3.961537e-01	-7.881236e-05
1.601223845707166e+00	-4.047467e-01	-7.966328e-05
1.603372283207166e+00	-4.133397e-01	-8.051395e-05
1.605520720707166e+00	-4.219326e-01	-8.136463e-05
1.607669158207166e+00	-4.305256e-01	-8.221555e-05
1.607670158207166e+00	-4.305296e-01	-8.221579e-05
1.607686158207166e+00	-4.305936e-01	-8.222222e-05
1.607718158207166e+00	-4.307216e-01	-8.223486e-05
1.607782158207167e+00	-4.309775e-01	-8.226013e-05
1.607910158207166e+00	-4.314895e-01	-8.231091e-05
1.608166158207166e+00	-4.325134e-01	-8.241224e-05
1.608678158207167e+00	-4.345612e-01	-8.261514e-05
1.609702158207166e+00	-4.386568e-01	-8.302045e-05
1.611750158207166e+00	-4.468481e-01	-8.383155e-05
1.613898595707167e+00	-4.554410e-01	-8.468223e-05
1.616047033207167e+00	-4.640340e-01	-8.553314e-05
1.618195470707167e+00	-4.726270e-01	-8.638382e-05
1.620343908207167e+00	-4.812199e-01	-8.723450e-05
1.622492345707167e+00	-4.898129e-01	-8.808541e-05
1.622493345707167e+00	-4.898169e-01	-8.808589e-05
1.622509345707167e+00	-4.898809e-01	-8.809209e-05
1.622541345707167e+00	-4.900088e-01	-8.810472e-05
1.622605345707167e+00	-4.902648e-01	-8.813024e-05
1.622733345707167e+00	-4.907768e-01	-8.818078e-05
1.622989345707167e+00	-4.918007e-01	-8.828211e-05
1.623501345707167e+00	-4.938485e-01	-8.848500e-05
1.624525345707167e+00	-4.979441e-01	-8.889055e-05
1.626573345707167e+00	-5.061353e-01	-8.970141e-05
1.628721783207167e+00	-5.147283e-01	-9.055209e-05
1.630870220707167e+00	-5.233213e-01	-9.140301e-05
1.633018658207167e+00	-5.319142e-01	-9.225368e-05
1.635167095707167e+00	-5.405072e-01	-9.310460e-05
1.637315533207167e+00	-5.491002e-01	-9.395528e-05
1.637316533207167e+00	-5.491042e-01	-9.395576e-05
1.637332533207167e+00	-5.491681e-01	-9.396195e-05
1.637364533207167e+00	-5.492961e-01	-9.397459e-05
1.637428533207167e+00	-5.495521e-01	-9.400010e-05
1.637556533207167e+00	-5.500640e-01	-9.405065e-05
1.637812533207167e+00	-5.510880e-01	-9.415197e-05
1.638324533207167e+00	-5.531358e-01	-9.435487e-05
1.639348533207167e+00	-5.572314e-01	-9.476042e-05
1.641396533207167e+00	-5.654227e-01	-9.557128e-05
1.643544970707167e+00	-5.740156e-01	-9.642220e-05
1.645693408207167e+00	-5.826086e-01	-9.727287e-05
1.647841845707167e+00	-5.912015e-01	-9.812355e-05
1.649990283207167e+00	-5.997944e-01	-9.897447e-05
1.652138720707167e+00	-6.083874e-01	-9.982514e-05
1.652139720707167e+00	-6.083914e-01	-9.982562e-05
1.652155720707167e+00	-6.084554e-01	-9.983182e-05
1.652187720707167e+00	-6.085834e-01	-9.984446e-05
1.652251720707167e+00	-6.088394e-01	-9.986997e-05
1.652379720707167e+00	-6.093513e-01	-9.992051e-05
1.652635720707167e+00	-6.103752e-01	-1.000221e-04
1.653147720707167e+00	-6.124231e-01	-1.002247e-04
1.654171720707167e+00	-6.165187e-01	-1.006303e-04
1.656219720707167e+00	-6.247099e-01	-1.014411e-04
1.658368158207167e+00	-6.333029e-01	-1.022921e-04
1.660516595707167e+00	-6.418958e-01	-1.031427e-04
1.662665033207167e+00	-6.504888e-01	-1.039934e-04
1.664813470707167e+00	-6.590818e-01	-1.048443e-04
1.666961908207167e+00	-6.676747e-01	-1.056950e-04
1.666962908207167e+00	-6.676787e-01	-1.056955e-04
1.666978908207167e+00	-6.677427e-01	-1.057017e-04
1.667010908207167e+00	-6.678707e-01	-1.057146e-04
1.667074908207167e+00	-6.681266e-01	-1.057398e-04
1.667202908207167e+00	-6.686386e-01	-1.057904e-04
1.667458908207167e+00	-6.696625e-01	-1.058919e-04
1.667970908207167e+00	-6.717103e-01	-1.060946e-04
1.668994908207167e+00	-6.758060e-01	-1.065001e-04
1.671042908207167e+00	-6.839972e-01	-1.073110e-04
1.673191345707167e+00	-6.925902e-01	-1.081619e-04
1.675339783207167e+00	-7.011831e-01	-1.090126e-04
1.677488220707168e+00	-7.097761e-01	-1.098635e-04
1.679636658207168e+00	-7.183691e-01	-1.107142e-04
1.681785095707168e+00	-7.269620e-01	-1.115649e-04
1.681786095707168e+00	-7.269660e-01	-1.115654e-04
1.681802095707168e+00	-7.270300e-01	-1.115718e-04
1.681834095707168e+00	-7.271580e-01	-1.115844e-04
1.681898095707168e+00	-7.274140e-01	-1.116097e-04
1.682026095707168e+00	-7.279259e-01	-1.116605e-04
1.682282095707168e+00	-7.289498e-01	-1.117618e-04
1.682794095707168e+00	-7.309976e-01	-1.119645e-04
1.683818095707168e+00	-7.350932e-01	-1.123700e-04
1.685866095707168e+00	-7.432845e-01	-1.131809e-04
1.688014533207168e+00	-7.518774e-01	-1.140318e-04
1.690162970707168e+00	-7.604704e-01	-1.148825e-04
1.692311408207168e+00	-7.690634e-01	-1.157334e-04
1.694459845707168e+00	-7.776563e-01	-1.165841e-04
1.696608283207168e+00	-7.862493e-01	-1.174347e-04
1.696609283207168e+00	-7.862533e-01	-1.174352e-04
1.696625283207168e+00	-7.863173e-01	-1.174417e-04
1.696657283207168e+00	-7.864453e-01	-1.174543e-04
1.696721283207168e+00	-7.867013e-01	-1.174796e-04
1.696849283207168e+00	-7.872132e-01	-1.175303e-04
1.697105283207168e+00	-7.882371e-01	-1.176317e-04
1.697617283207168e+00	-7.902849e-01	-1.178343e-04
1.698641283207168e+00	-7.943805e-01	-1.182399e-04
1.700689283207168e+00	-8.025718e-01	-1.190510e-04
1.702837720707168e+00	-8.111647e-01	-1.199017e-04
1.704986158207168e+00	-8.197577e-01	-1.207523e-04
1.707134595707168e+00	-8.283507e-01	-1.216033e-04
1.709283033207168e+00	-8.369436e-01	-1.224539e-04
1.711431470707168e+00	-8.455366e-01	-1.233046e-04
1.711432470707168e+00	-8.455406e-01	-1.233051e-04
1.711448470707168e+00	-8.456045e-01	-1.233115e-04
1.711480470707168e+00	-8.457326e-01	-1.233242e-04
1.711544470707168e+00	-8.459885e-01	-1.233494e-04
1.711672470707168e+00	-8.465005e-01	-1.234002e-04
1.711928470707168e+00	-8.475244e-01	-1.235015e-04
1.712440470707168e+00	-8.495722e-01	-1.237042e-04
1.713464470707168e+00	-8.536678e-01	-1.241097e-04
1.715512470707168e+00	-8.618591e-01	-1.249208e-04
1.717660908207168e+00	-8.704520e-01	-1.257715e-04
1.719809345707168e+00	-8.790450e-01	-1.266222e-04
1.721957783207168e+00	-8.876379e-01	-1.274731e-04
1.724106220707168e+00	-8.962309e-01	-1.283238e-04
1.726254658207168e+00	-9.048238e-01	-1.291747e-04
1.726255658207168e+00	-9.048278e-01	-1.291749e-04
1.726271658207168e+00	-9.048918e-01	-1.291814e-04
1.726303658207168e+00	-9.050198e-01	-1.291940e-04
1.726367658207168e+00	-9.052758e-01	-1.292193e-04
1.726495658207168e+00	-9.057878e-01	-1.292701e-04
1.726751658207168e+00	-9.068117e-01	-1.293714e-04
1.727263658207168e+00	-9.088595e-01	-1.295741e-04
1.728287658207168e+00	-9.129551e-01	-1.299796e-04
1.730335658207168e+00	-9.211463e-01	-1.307907e-04
1.732484095707168e+00	-9.297393e-01	-1.316414e-04
1.734632533207168e+00	-9.383323e-01	-1.324923e-04
1.736780970707168e+00	-9.469252e-01	-1.333430e-04
1.738929408207168e+00	-9.555182e-01	-1.341937e-04
1.741077845707169e+00	-9.641111e-01	-1.350446e-04
1.741078845707168e+00	-9.641151e-01	-1.350448e-04
1.741094845707168e+00	-9.641792e-01	-1.350513e-04
1.741126845707168e+00	-9.643071e-01	-1.350639e-04
1.741190845707169e+00	-9.645631e-01	-1.350892e-04
1.741318845707168e+00	-9.650751e-01	-1.351399e-04
1.741574845707168e+00	-9.660990e-01	-1.352413e-04
1.742086845707169e+00	-9.681467e-01	-1.354442e-04
1.743110845707168e+00	-9.722424e-01	-1.358495e-04
1.745158845707169e+00	-9.804336e-01	-1.366606e-04
1.747307283207169e+00	-9.890266e-01	-1.375113e-04
1.749455720707169e+00	-9.976196e-01	-1.383622e-04
1.751604158207169e+00	-1.006212e+00	-1.392128e-04
1.753752595707169e+00	-1.014805e+00	-1.400635e-04
1.755901033207169e+00	-1.023398e+00	-1.409144e-04
1.755902033207169e+00	-1.023402e+00	-1.409147e-04
1.755918033207169e+00	-1.023466e+00	-1.409211e-04
1.755950033207169e+00	-1.023594e+00	-1.409338e-04
1.756014033207169e+00	-1.023850e+00	-1.409590e-04
1.756142033207169e+00	-1.024362e+00	-1.410098e-04
1.756398033207169e+00	-1.025386e+00	-1.411111e-04
1.756910033207169e+00	-1.027434e+00	-1.413140e-04
1.757934033207169e+00	-1.031530e+00	-1.417193e-04
1.759982033207169e+00	-1.039721e+00	-1.425304e-04
1.762130470707169e+00	-1.048314e+00	-1.433811e-04
1.764278908207169e+00	-1.056907e+00	-1.442320e-04
1.766427345707169e+00	-1.065500e+00	-1.450827e-04
1.768575783207169e+00	-1.074093e+00	-1.459334e-04
1.770724220707169e+00	-1.082686e+00	-1.467843e-04
1.770725220707169e+00	-1.082690e+00	-1.467848e-04
1.770741220707169e+00	-1.082754e+00	-1.467910e-04
1.770773220707169e+00	-1.082882e+00	-1.468036e-04
1.770837220707169e+00	-1.083138e+00	-1.468291e-04
1.770965220707169e+00	-1.083650e+00	-1.468797e-04
1.771221220707169e+00	-1.084674e+00	-1.469810e-04
1.771733220707169e+00	-1.086721e+00	-1.471839e-04
1.772757220707169e+00	-1.090817e+00	-1.475894e-04
1.774805220707169e+00	-1.099008e+00	-1.484003e-04
1.776953658207169e+00	-1.107601e+00	-1.492510e-04
1.779102095707169e+00	-1.116194e+00	-1.501019e-04
1.781250533207169e+00	-1.124787e+00	-1.509526e-04
1.783398970707169e+00	-1.133380e+00	-1.518035e-04
1.785547408207169e+00	-1.141973e+00	-1.526542e-04
1.785548408207169e+00	-1.141977e+00	-1.526546e-04
1.785564408207169e+00	-1.142041e+00	-1.526608e-04
1.785596408207169e+00	-1.142169e+00	-1.526735e-04
1.785660408207169e+00	-1.142425e+00	-1.526990e-04
1.785788408207169e+00	-1.142937e+00	-1.527495e-04
1.786044408207169e+00	-1.143961e+00	-1.528509e-04
1.786556408207169e+00	-1.146009e+00	-1.530538e-04
1.787580408207169e+00	-1.150104e+00	-1.534593e-04
1.789628408207169e+00	-1.158296e+00	-1.542702e-04
1.791776845707169e+00	-1.166888e+00	-1.551211e-04
1.793925283207169e+00	-1.175481e+00	-1.559718e-04
1.796073720707169e+00	-1.184074e+00	-1.568224e-04
1.798222158207169e+00	-1.192667e+00	-1.576734e-04
1.800370595707169e+00	-1.201260e+00	-1.585240e-04
1.800371595707169e+00	-1.201264e+00	-1.585245e-04
1.800387595707169e+00	-1.201328e+00	-1.585307e-04
1.800419595707169e+00	-1.201456e+00	-1.585433e-04
1.800483595707169e+00	-1.201712e+00	-1.585689e-04
1.800611595707169e+00	-1.202224e+00	-1.586194e-04
1.800867595707169e+00	-1.203248e+00	-1.587210e-04
1.801379595707169e+00	-1.205296e+00	-1.589236e-04
1.802403595707169e+00	-1.209392e+00	-1.593292e-04
1.804451595707169e+00	-1.217583e+00	-1.601400e-04
1.806600033207169e+00	-1.226176e+00	-1.609910e-04
1.808748470707169e+00	-1.234769e+00	-1.618416e-04
1.810896908207170e+00	-1.243362e+00	-1.626923e-04
1.813045345707170e+00	-1.251955e+00	-1.635432e-04
1.815193783207170e+00	-1.260548e+00	-1.643939e-04
1.815194783207170e+00	-1.260552e+00	-1.643944e-04
1.815210783207170e+00	-1.260616e+00	-1.644006e-04
1.815242783207170e+00	-1.260743e+00	-1.644135e-04
1.815306783207170e+00	-1.261000e+00	-1.644387e-04
1.815434783207170e+00	-1.261511e+00	-1.644893e-04
1.815690783207170e+00	-1.262535e+00	-1.645908e-04
1.816202783207170e+00	-1.264583e+00	-1.647935e-04
1.817226783207170e+00	-1.268679e+00	-1.651990e-04
1.819274783207170e+00	-1.276870e+00	-1.660099e-04
1.821423220707170e+00	-1.285463e+00	-1.668608e-04
1.823571658207170e+00	-1.294056e+00	-1.677115e-04
1.825720095707170e+00	-1.302649e+00	-1.685624e-04
1.827868533207170e+00	-1.311242e+00	-1.694131e-04
1.830016970707170e+00	-1.319835e+00	-1.702638e-04
1.830017970707170e+00	-1.319839e+00	-1.702642e-04
1.830033970707170e+00	-1.319903e+00	-1.702707e-04
1.830065970707170e+00	-1.320031e+00	-1.702833e-04
1.830129970707170e+00	-1.320287e+00	-1.703086e-04
1.830257970707170e+00	-1.320799e+00	-1.703594e-04
1.830513970707170e+00	-1.321823e+00	-1.704607e-04
1.831025970707170e+00	-1.323871e+00	-1.706634e-04
1.832049970707170e+00	-1.327966e+00	-1.710689e-04
1.834097970707170e+00	-1.336157e+00	-1.718798e-04
1.836246408207170e+00	-1.344750e+00	-1.727307e-04
1.838394845707170e+00	-1.353343e+00	-1.735814e-04
1.840543283207170e+00	-1.361936e+00	-1.744323e-04
1.842691720707170e+00	-1.370529e+00	-1.752830e-04
1.844840158207170e+00	-1.379122e+00	-1.761336e-04
1.844841158207170e+00	-1.379126e+00	-1.761341e-04
1.844857158207170e+00	-1.379190e+00	-1.761405e-04
1.844889158207170e+00	-1.379318e+00	-1.761532e-04
1.844953158207170e+00	-1.379574e+00	-1.761785e-04
1.845081158207170e+00	-1.380086e+00	-1.762292e-04
1.845337158207170e+00	-1.381110e+00	-1.763306e-04
1.845849158207170e+00	-1.383158e+00	-1.765332e-04
1.846873158207170e+00	-1.387253e+00	-1.769388e-04
1.848921158207170e+00	-1.395445e+00	-1.777499e-04
1.851069595707170e+00	-1.404038e+00	-1.786005e-04
1.853218033207170e+00	-1.412631e+00	-1.794512e-04
1.855366470707170e+00	-1.421224e+00	-1.803021e-04
1.857514908207170e+00	-1.429816e+00	-1.811528e-04
1.859663345707170e+00	-1.438409e+00	-1.820035e-04
1.859664345707170e+00	-1.438413e+00	-1.820040e-04
1.859680345707170e+00	-1.438477e+00	-1.820104e-04
1.859712345707170e+00	-1.438605e+00	-1.820230e-04
1.859776345707170e+00	-1.438861e+00	-1.820483e-04
1.859904345707170e+00	-1.439373e+00	-1.820991e-04
1.860160345707170e+00	-1.440397e+00	-1.822004e-04
1.860672345707170e+00	-1.442445e+00	-1.824031e-04
1.861696345707170e+00	-1.446541e+00	-1.828086e-04
1.863744345707170e+00	-1.454732e+00	-1.836197e-04
1.865892783207170e+00	-1.463325e+00	-1.844704e-04
1.868041220707170e+00	-1.471918e+00	-1.853211e-04
1.870189658207170e+00	-1.480511e+00	-1.861720e-04
1.872338095707170e+00	-1.489104e+00	-1.870227e-04
1.874486533207171e+00	-1.497697e+00	-1.878736e-04
1.874487533207170e+00	-1.497701e+00	-1.878738e-04
1.874503533207170e+00	-1.497765e+00	-1.878803e-04
1.874535533207170e+00	-1.497893e+00	-1.878929e-04
1.874599533207171e+00	-1.498149e+00	-1.879182e-04
1.874727533207170e+00	-1.498661e+00	-1.879690e-04
1.874983533207170e+00	-1.499685e+00	-1.880703e-04
1.875495533207171e+00	-1.501732e+00	-1.882730e-04
1.876519533207170e+00	-1.505828e+00	-1.886785e-04
1.878567533207171e+00	-1.514019e+00	-1.894896e-04
1.880715970707171e+00	-1.522612e+00	-1.903403e-04
1.882864408207171e+00	-1.531205e+00	-1.911912e-04
1.885012845707171e+00	-1.539798e+00	-1.920419e-04
1.887161283207171e+00	-1.548391e+00	-1.928926e-04
1.889309720707171e+00	-1.556984e+00	-1.937435e-04
1.889310720707171e+00	-1.556988e+00	-1.937437e-04
1.889326720707171e+00	-1.557052e+00	-1.937501e-04
1.889358720707171e+00	-1.557180e+00	-1.937628e-04
1.889422720707171e+00	-1.557436e+00	-1.937881e-04
1.889550720707171e+00	-1.557948e+00	-1.938388e-04
1.889806720707171e+00	-1.558972e+00	-1.939402e-04
1.890318720707171e+00	-1.561020e+00	-1.941431e-04
1.891342720707171e+00	-1.565115e+00	-1.945484e-04
1.893390720707171e+00	-1.573307e+00	-1.953595e-04
1.895539158207171e+00	-1.581900e+00	-1.962101e-04
1.897687595707171e+00	-1.590492e+00	-1.970611e-04
1.899836033207171e+00	-1.599085e+00	-1.979117e-04
1.901984470707171e+00	-1.607678e+00	-1.987624e-04
1.904132908207171e+00	-1.616271e+00	-1.996133e-04
1.904133908207171e+00	-1.616275e+00	-1.996136e-04
1.904149908207171e+00	-1.616339e+00	-1.996200e-04
1.904181908207171e+00	-1.616467e+00	-1.996326e-04
1.904245908207171e+00	-1.616723e+00	-1.996579e-04
1.904373908207171e+00	-1.617235e+00	-1.997087e-04
1.904629908207171e+00	-1.618259e+00	-1.998100e-04
1.905141908207171e+00	-1.620307e+00	-2.000129e-04
1.906165908207171e+00	-1.624403e+00	-2.004182e-04
1.908213908207171e+00	-1.632594e+00	-2.012293e-04
1.910362345707171e+00	-1.641187e+00	-2.020800e-04
1.912510783207171e+00	-1.649780e+00	-2.029309e-04
1.914659220707171e+00	-1.658373e+00	-2.037816e-04
1.916807658207171e+00	-1.666966e+00	-2.046325e-04
1.918956095707171e+00	-1.675559e+00	-2.054832e-04
1.918957095707171e+00	-1.675563e+00	-2.054837e-04
1.918973095707171e+00	-1.675627e+00	-2.054899e-04
1.919005095707171e+00	-1.675755e+00	-2.055025e-04
1.919069095707171e+00	-1.676010e+00	-2.055280e-04
1.919197095707171e+00	-1.676522e+00	-2.055786e-04
1.919453095707171e+00	-1.677546e+00	-2.056799e-04
1.919965095707171e+00	-1.679594e+00	-2.058828e-04
1.920989095707171e+00	-1.683690e+00	-2.062883e-04
1.923037095707171e+00	-1.691881e+00	-2.070992e-04
1.925185533207171e+00	-1.700474e+00	-2.079499e-04
1.927333970707171e+00	-1.709067e+00	-2.088008e-04
1.929482408207171e+00	-1.717660e+00	-2.096515e-04
1.931630845707171e+00	-1.726253e+00	-2.105024e-04
1.933779283207171e+00	-1.734846e+00	-2.113531e-04
1.933780283207171e+00	-1.734850e+00	-2.113535e-04
1.933796283207171e+00	-1.734914e+00	-2.113597e-04
1.933828283207171e+00	-1.735042e+00	-2.113724e-04
1.933892283207171e+00	-1.735298e+00	-2.113979e-04
1.934020283207171e+00	-1.735810e+00	-2.114484e-04
1.934276283207171e+00	-1.736834e+00	-2.115498e-04
1.934788283207171e+00	-1.738881e+00	-2.117527e-04
1.935812283207171e+00	-1.742977e+00	-2.121582e-04
1.937860283207171e+00	-1.751168e+00	-2.129691e-04
1.940008720707171e+00	-1.759761e+00	-2.138200e-04
1.942157158207171e+00	-1.768354e+00	-2.146707e-04
1.944305595707172e+00	-1.776947e+00	-2.155213e-04
1.946454033207172e+00	-1.785540e+00	-2.163723e-04
1.948602470707172e+00	-1.794133e+00	-2.172229e-04
1.948603470707172e+00	-1.794137e+00	-2.172234e-04
1.948619470707172e+00	-1.794201e+00	-2.172296e-04
1.948651470707172e+00	-1.794329e+00	-2.172422e-04
1.948715470707172e+00	-1.794585e+00	-2.172678e-04
1.948843470707172e+00	-1.795097e+00	-2.173183e-04
1.949099470707172e+00	-1.796121e+00	-2.174199e-04
1.949611470707172e+00	-1.798169e+00	-2.176225e-04
1.950635470707172e+00	-1.802264e+00	-2.180281e-04
1.952683470707172e+00	-1.810456e+00	-2.188389e-04
1.954831908207172e+00	-1.819049e+00	-2.196898e-04
1.956980345707172e+00	-1.827642e+00	-2.205405e-04
1.959128783207172e+00	-1.836235e+00	-2.213912e-04
1.961277220707172e+00	-1.844828e+00	-2.222421e-04
1.963425658207172e+00	-1.853420e+00	-2.230928e-04
1.963426658207172e+00	-1.853424e+00	-2.230933e-04
1.963442658207172e+00	-1.853488e+00	-2.230995e-04
1.963474658207172e+00	-1.853616e+00	-2.231123e-04
1.963538658207172e+00	-1.853872e+00	-2.231376e-04
1.963666658207172e+00	-1.854384e+00	-2.231882e-04
1.963922658207172e+00	-1.855408e+00	-2.232897e-04
1.964434658207172e+00	-1.857456e+00	-2.234924e-04
1.965458658207172e+00	-1.861552e+00	-2.238979e-04
1.967506658207172e+00	-1.869743e+00	-2.247088e-04
1.969655095707172e+00	-1.878336e+00	-2.255597e-04
1.971803533207172e+00	-1.886929e+00	-2.264104e-04
1.973951970707172e+00	-1.895522e+00	-2.272613e-04
1.976100408207172e+00	-1.904115e+00	-2.281120e-04
1.978248845707172e+00	-1.912708e+00	-2.289627e-04
1.978249845707172e+00	-1.912712e+00	-2.289631e-04
1.978265845707172e+00	-1.912776e+00	-2.289696e-04
1.978297845707172e+00	-1.912904e+00	-2.289822e-04
1.978361845707172e+00	-1.913160e+00	-2.290075e-04
1.978489845707172e+00	-1.913672e+00	-2.290583e-04
1.978745845707172e+00	-1.914696e+00	-2.291596e-04
1.979257845707172e+00	-1.916743e+00	-2.293622e-04
1.980281845707172e+00	-1.920839e+00	-2.297678e-04
1.982329845707172e+00	-1.929030e+00	-2.305787e-04
1.984478283207172e+00	-1.937623e+00	-2.314296e-04
1.986626720707172e+00	-1.946216e+00	-2.322803e-04
1.988775158207172e+00	-1.954809e+00	-2.331312e-04
1.990923595707172e+00	-1.963402e+00	-2.339818e-04
1.993072033207172e+00	-1.971995e+00	-2.348325e-04
1.993073033207172e+00	-1.971999e+00	-2.348330e-04
1.993089033207172e+00	-1.972063e+00	-2.348394e-04
1.993121033207172e+00	-1.972191e+00	-2.348521e-04
1.993185033207172e+00	-1.972447e+00	-2.348773e-04
1.993313033207172e+00	-1.972959e+00	-2.349281e-04
1.993569033207172e+00	-1.973983e+00	-2.350295e-04
1.994081033207172e+00	-1.976031e+00	-2.352321e-04
1.995105033207172e+00	-1.980126e+00	-2.356377e-04
1.997153033207172e+00	-1.988317e+00	-2.364488e-04
1.999301470707172e+00	-1.996910e+00	-2.372994e-04
2.000000000000000e+00	-1.999704e+00	-2.375760e-04
2.000122714258484e+00	-1.999705e+00	-2.332759e-04
2.000368142775451e+00	-1.999705e+00	-2.255757e-04
2.000369142775452e+00	-1.999705e+00	-2.255480e-04
2.000385142775452e+00	-1.999705e+00	-2.251124e-04
2.000417142775452e+00	-1.999705e+00	-2.242615e-04
2.000481142775452e+00	-1.999705e+00	-2.226398e-04
2.000609142775452e+00	-1.999705e+00	-2.196920e-04
2.000865142775452e+00	-1.999705e+00	-2.148087e-04
2.001377142775452e+00	-1.999705e+00	-2.080524e-04
2.002401142775452e+00	-1.999705e+00	-2.014501e-04
2.004036688156121e+00	-1.999705e+00	-1.986623e-04
2.005930743352030e+00	-1.999705e+00	-1.983755e-04
2.008079180852030e+00	-1.999705e+00	-1.983685e-04
2.010227618352030e+00	-1.999705e+00	-1.983690e-04
2.012376055852029e+00	-1.999705e+00	-1.983690e-04
2.014524493352029e+00	-1.999705e+00	-1.983690e-04
2.016672930852029e+00	-1.999705e+00	-1.983690e-04
2.018821368352029e+00	-1.999705e+00	-1.983690e-04
2.020969805852029e+00	-1.999705e+00	-1.983690e-04
2.023118243352029e+00	-1.999705e+00	-1.983690e-04
2.025266680852028e+00	-1.999705e+00	-1.983690e-04
2.027415118352028e+00	-1.999705e+00	-1.983690e-04
2.029563555852028e+00	-1.999705e+00	-1.983690e-04
2.031711993352028e+00	-1.999705e+00	-1.983690e-04
2.033860430852028e+00	-1.999705e+00	-1.983690e-04
2.036008868352027e+00	-1.999705e+00	-1.983690e-04
2.038157305852027e+00	-1.999705e+00	-1.983690e-04
2.040305743352027e+00	-1.999705e+00	-1.983690e-04
2.042454180852027e+00	-1.999705e+00	-1.983690e-04
2.044602618352027e+00	-1.999705e+00	-1.983690e-04
2.046751055852027e+00	-1.999705e+00	-1.983690e-04
2.048899493352026e+00	-1.999705e+00	-1.983690e-04
2.051047930852026e+00	-1.999705e+00	-1.983690e-04
2.053196368352026e+00	-1.999705e+00	-1.983690e-04
2.055344805852026e+00	-1.999705e+00	-1.983690e-04
2.057493243352026e+00	-1.999705e+00	-1.983690e-04
2.059641680852025e+00	-1.999705e+00	-1.983690e-04
2.061790118352025e+00	-1.999705e+00	-1.983690e-04
2.063938555852025e+00	-1.999705e+00	-1.983690e-04
2.066086993352025e+00	-1.999705e+00	-1.983690e-04
2.068235430852025e+00	-1.999705e+00	-1.983690e-04
2.070383868352025e+00	-1.999705e+00	-1.983690e-04
2.072532305852024e+00	-1.999705e+00	-1.983690e-04
2.074680743352024e+00	-1.999705e+00	-1.983690e-04
2.076829180852024e+00	-1.999705e+00	-1.983690e-04
2.078977618352024e+00	-1.999705e+00	-1.983690e-04
2.081126055852024e+00	-1.999705e+00	-1.983690e-04
2.083274493352024e+00	-1.999705e+00	-1.983690e-04
2.085422930852023e+00	-1.999705e+00	-1.983690e-04
2.087571368352023e+00	-1.999705e+00	-1.983690e-04
2.089719805852023e+00	-1.999705e+00	-1.983690e-04
2.091868243352023e+00	-1.999705e+00	-1.983690e-04
2.094016680852023e+00	-1.999705e+00	-1.983690e-04
2.096165118352022e+00	-1.999705e+00	-1.983690e-04
2.098313555852022e+00	-1.999705e+00	-1.983690e-04
2.100461993352022e+00	-1.999705e+00	-1.983690e-04
2.102610430852022e+00	-1.999705e+00	-1.983690e-04
2.104758868352022e+00	-1.999705e+00	-1.983690e-04
2.106907305852022e+00	-1.999705e+00	-1.983690e-04
2.109055743352021e+00	-1.999705e+00	-1.983690e-04
2.111204180852021e+00	-1.999705e+00	-1.983690e-04
2.113352618352021e+00	-1.999705e+00	-1.983690e-04
2.115501055852021e+00	-1.999705e+00	-1.983690e-04
2.117649493352021e+00	-1.999705e+00	-1.983690e-04
2.119797930852021e+00	-1.999705e+00	-1.983690e-04
2.121946368352020e+00	-1.999705e+00	-1.983690e-04
2.124094805852020e+00	-1.999705e+00	-1.983690e-04
2.126243243352020e+00	-1.999705e+00	-1.983690e-04
2.128391680852020e+00	-1.999705e+00	-1.983690e-04
2.130540118352020e+00	-1.999705e+00	-1.983690e-04
2.132688555852019e+00	-1.999705e+00	-1.983690e-04
2.134836993352019e+00	-1.999705e+00	-1.983690e-04
2.136985430852019e+00	-1.999705e+00	-1.983690e-04
2.139133868352019e+00	-1.999705e+00	-1.983690e-04
2.141282305852019e+00	-1.999705e+00	-1.983690e-04
2.143430743352019e+00	-1.999705e+00	-1.983690e-04
2.145579180852018e+00	-1.999705e+00	-1.983690e-04
2.147727618352018e+00	-1.999705e+00	-1.983690e-04
2.149876055852018e+00	-1.999705e+00	-1.983690e-04
2.152024493352018e+00	-1.999705e+00	-1.983690e-04
2.154172930852018e+00	-1.999705e+00	-1.983690e-04
2.156321368352017e+00	-1.999705e+00	-1.983690e-04
2.158469805852017e+00	-1.999705e+00	-1.983690e-04
2.160618243352017e+00	-1.999705e+00	-1.983690e-04
2.162766680852017e+00	-1.999705e+00	-1.983690e-04
2.164915118352017e+00	-1.999705e+00	-1.983690e-04
2.167063555852017e+00	-1.999705e+00	-1.983690e-04
2.169211993352016e+00	-1.999705e+00	-1.983690e-04
2.171360430852016e+00	-1.999705e+00	-1.983690e-04
2.173508868352016e+00	-1.999705e+00	-1.983690e-04
2.175657305852016e+00	-1.999705e+00	-1.983690e-04
2.177805743352016e+00	-1.999705e+00	-1.983690e-04
2.179954180852016e+00	-1.999705e+00	-1.983690e-04
2.182102618352015e+00	-1.999705e+00	-1.983690e-04
2.184251055852015e+00	-1.999705e+00	-1.983690e-04
2.186399493352015e+00	-1.999705e+00	-1.983690e-04
2.188547930852015e+00	-1.999705e+00	-1.983690e-04
2.190696368352015e+00	-1.999705e+00	-1.983690e-04
2.192844805852014e+00	-1.999705e+00	-1.983690e-04
2.194993243352014e+00	-1.999705e+00	-1.983690e-04
2.197141680852014e+00	-1.999705e+00	-1.983690e-04
2.199290118352014e+00	-1.999705e+00	-1.983690e-04
2.200000000000000e+00	-1.999705e+00	-1.983690e-04
